-1  15  15  15
 0.000000000  7  7  7  H
 0.001522457  7  6  7  H
 0.042560495  7  5  7  H
 0.062730589  7  4  7  H
 0.089582904  7  3  7  H
 0.108979106  7  2  7  H
 0.129955834  7  1  7  H
 0.160976091  7  0  7  H
 0.197246611  7  14  7  H
 0.250628204  7  13  7  H
 0.285973879  7  12  7  H
 0.313560011  7  11  7  H
 0.342515332  7  10  7  H
 0.381086040  7  9  7  H
 0.397894525  7  8  7  H
 0.474131803  7  7  7  H
 0.501623648  7  6  7  H
 0.537881835  7  5  7  H
 0.580400893  7  4  7  H
 0.604376037  7  3  7  H
 0.000000000  11  11  11  L
 0.001589794  11  12  11  L
 0.024512263  11  13  11  L
 0.062502201  11  14  11  L
 0.087914232  11  0  11  L
 0.105275034  11  1  11  L
 0.133158404  11  2  11  L
 0.165427685  11  3  11  L
 0.187542659  11  4  11  L
 0.215807726  11  5  11  L
 0.264538701  11  6  11  L
 0.283326781  11  7  11  L
 0.321546349  11  8  11  L
 0.350453110  11  9  11  L
 0.389601852  11  10  11  L
 0.405216076  11  11  11  L
 0.446916316  11  12  11  L
 0.465419282  11  13  11  L
 0.508134898  11  14  11  L
 0.522843843  11  0  11  L
 0.535613398  11  1  11  L
 0.561882539  11  2  11  L
 0.598839738  11  3  11  L
 0.632451117  11  4  11  L
 0.647554332  11  5  11  L
 0.697911579  11  6  11  L
 0.728837620  11  7  11  L
 0.000000000  6  6  6  G
 0.001507840  6  6  5  G
 0.029216412  6  6  4  G
 0.074482855  6  6  3  G
 0.114448781  6  6  2  G
 0.148855363  6  6  1  G
 0.185808885  6  6  0  G
 0.219448228  6  6  14  G
 0.243987602  6  6  13  G
 0.270591701  6  6  12  G
 0.284343038  6  6  11  G
 0.322195037  6  6  10  G
 0.340063992  6  6  9  G
 0.376123076  6  6  8  G
 0.421768109  6  6  7  G
 0.446784579  6  6  6  G
 0.483477993  6  6  5  G
 0.530942572  6  6  4  G
 0.559770144  6  6  3  G
 0.571963117  6  6  2  G
 0.589811674  6  6  1  G
 0.611654567  6  6  0  G
 0.634981917  6  6  14  G
 0.656142019  6  6  13  G
 0.676034171  6  6  12  G
 0.705135998  6  6  11  G
 0.000000000  4  4  4  E
 0.001473085  4  4  5  E
 0.040468309  4  4  6  E
 0.082207803  4  4  7  E
 0.114216385  4  4  8  E
 0.145500337  4  4  9  E
 0.196500982  4  4  10  E
 0.222670585  4  4  11  E
 0.264854874  4  4  12  E
 0.297032092  4  4  13  E
 0.341119793  4  4  14  E
 0.353911841  4  4  0  E
 0.370312240  4  4  1  E
 0.387776055  4  4  2  E
 0.415585887  4  4  3  E
 0.461147525  4  4  4  E
 0.490031011  4  4  5  E
 0.533268036  4  4  6  E
 0.544400940  4  4  7  E
 0.566464317  4  4  8  E
 0.603574543  4  4  9  E
 0.634178970  4  4  10  E
 0.658838289  4  4  11  E
 0.698085786  4  4  12  E
 0.713911938  4  4  13  E
 0.747400207  4  4  14  E
 0.775995833  4  4  0  E
 0.000000000  3  3  3  D
 0.001454550  3  4  3  D
 0.031884729  3  5  3  D
 0.048397129  3  6  3  D
 0.089917732  3  7  3  D
 0.114416280  3  8  3  D
 0.148524723  3  9  3  D
 0.168838787  3  10  3  D
 0.189768456  3  11  3  D
 0.216328202  3  12  3  D
 0.241497639  3  13  3  D
 0.273247625  3  14  3  D
 0.293827097  3  0  3  D
 0.328282721  3  1  3  D
 0.349480294  3  2  3  D
 0.368583285  3  3  3  D
 0.388838319  3  4  3  D
 0.437316069  3  5  3  D
 0.460157026  3  6  3  D
 0.508236408  3  7  3  D
 0.540450225  3  8  3  D
 0.563662218  3  9  3  D
 0.580904518  3  10  3  D
 0.594377913  3  11  3  D
 0.611229269  3  12  3  D
 0.624140200  3  13  3  D
 0.636204491  3  14  3  D
 0.682038229  3  0  3  D
 0.711029458  3  1  3  D
 0.731228777  3  2  3  D
 0.776612821  3  3  3  D
 0.815203035  3  4  3  D
 0.847405080  3  5  3  D
 0.870670222  3  6  3  D
 0.889698273  3  7  3  D
 0.931970838  3  8  3  D
 0.972092546  3  9  3  D
 1.015940938  3  10  3  D
 1.032715490  3  11  3  D
 0.000000000  12  12  12  M
 0.001604882  12  12  13  M
 0.024619715  12  12  14  M
 0.048029409  12  12  0  M
 0.068487794  12  12  1  M
 0.087104793  12  12  2  M
 0.098230153  12  12  3  M
 0.132760848  12  12  4  M
 0.154149529  12  12  5  M
 0.192231789  12  12  6  M
 0.232818690  12  12  7  M
 0.251879262  12  12  8  M
 0.290672948  12  12  9  M
 0.317588822  12  12  10  M
 0.362205967  12  12  11  M
 0.387033081  12  12  12  M
 0.436095288  12  12  13  M
 0.516387065  12  12  14  M
 0.530792951  12  12  0  M
 0.552717338  12  12  1  M
 0.581806500  12  12  2  M
 0.628315074  12  12  3  M
 0.664241479  12  12  4  M
 0.713915695  12  12  5  M
 0.727703010  12  12  6  M
 0.774499365  12  12  7  M
 0.808379499  12  12  8  M
 0.857960339  12  12  9  M
 0.869548477  12  12  10  M
 0.897558204  12  12  11  M
 0.909429043  12  12  12  M
 0.925118358  12  12  13  M
 0.946066332  12  12  14  M
 0.977441585  12  12  0  M
 1.012744710  12  12  1  M
 1.027095363  12  12  2  M
 1.070066528  12  12  3  M
 1.084277559  12  12  4  M
 1.105642194  12  12  5  M
 1.125807790  12  12  6  M
 0.000000000  5  5  5  F
 0.001492100  5  4  5  F
 0.083089838  5  3  5  F
 0.097395156  5  2  5  F
 0.144137639  5  1  5  F
 0.176715720  5  0  5  F
 0.210024492  5  14  5  F
 0.250447004  5  13  5  F
 0.282329730  5  12  5  F
 0.322320692  5  11  5  F
 0.360148175  5  10  5  F
 0.404035600  5  9  5  F
 0.416308864  5  8  5  F
 0.433704561  5  7  5  F
 0.478161325  5  6  5  F
 0.501745958  5  5  5  F
 0.530445780  5  4  5  F
 0.574401193  5  3  5  F
 0.593595275  5  2  5  F
 0.613711778  5  1  5  F
 0.631786049  5  0  5  F
 0.678203893  5  14  5  F
 0.688495768  5  13  5  F
 0.716177600  5  12  5  F
 0.774888325  5  11  5  F
 0.824030863  5  10  5  F
 0.839085346  5  9  5  F
 0.867245636  5  8  5  F
 0.901052052  5  7  5  F
 0.935511693  5  6  5  F
 0.966218953  5  5  5  F
 1.011191796  5  4  5  F
 1.053968847  5  3  5  F
 1.101440048  5  2  5  F
 1.164032097  5  1  5  F
 1.204035143  5  0  5  F
 1.238821698  5  14  5  F
 1.281199411  5  13  5  F
 1.315217213  5  12  5  F
 1.330181858  5  11  5  F
 1.347237677  5  10  5  F
 0.000000000  14  14  14  O
 0.001633325  14  14  13  O
 0.017101064  14  14  12  O
 0.064053813  14  14  11  O
 0.106281994  14  14  10  O
 0.151181409  14  14  9  O
 0.180037764  14  14  8  O
 0.193352543  14  14  7  O
 0.228447527  14  14  6  O
 0.249806863  14  14  5  O
 0.282664839  14  14  4  O
 0.305512648  14  14  3  O
 0.328997122  14  14  2  O
 0.367208756  14  14  1  O
 0.413887249  14  14  0  O
 0.425638493  14  14  14  O
 0.469065134  14  14  13  O
 0.514206853  14  14  12  O
 0.531002024  14  14  11  O
 0.541344394  14  14  10  O
 0.588384075  14  14  9  O
 0.635289734  14  14  8  O
 0.664241409  14  14  7  O
 0.708204446  14  14  6  O
 0.757031091  14  14  5  O
 0.787905635  14  14  4  O
 0.836479896  14  14  3  O
 0.876266014  14  14  2  O
 0.917195178  14  14  1  O
 0.941695138  14  14  0  O
 0.953351474  14  14  14  O
 0.975185100  14  14  13  O
 1.011167731  14  14  12  O
 1.046302579  14  14  11  O
 1.062749827  14  14  10  O
 1.097760162  14  14  9  O
 1.160803177  14  14  8  O
 1.182196267  14  14  7  O
 1.232196935  14  14  6  O
 1.281792694  14  14  5  O
 1.317167744  14  14  4  O
 1.338286067  14  14  3  O
 1.360259696  14  14  2  O
 1.377306509  14  14  1  O
 1.389620819  14  14  0  O
 1.419084826  14  14  14  O
 1.449933601  14  14  13  O
 1.502677868  14  14  12  O
 1.541846768  14  14  11  O
 1.570218665  14  14  10  O
 0.000000000  1  1  1  B
 0.001415426  1  2  1  B
 0.021643820  1  3  1  B
 0.032015455  1  4  1  B
 0.055438734  1  5  1  B
 0.085156447  1  6  1  B
 0.103603818  1  7  1  B
 0.125541589  1  8  1  B
 0.162122412  1  9  1  B
 0.207688057  1  10  1  B
 0.229296841  1  11  1  B
 0.272285700  1  12  1  B
 0.299468274  1  13  1  B
 0.344226985  1  14  1  B
 0.374330271  1  0  1  B
 0.413700879  1  1  1  B
 0.462981016  1  2  1  B
 0.520679812  1  3  1  B
 0.559846127  1  4  1  B
 0.603941271  1  5  1  B
 0.624140340  1  6  1  B
 0.661955278  1  7  1  B
 0.689322229  1  8  1  B
 0.700833383  1  9  1  B
 0.735887651  1  10  1  B
 0.776970823  1  11  1  B
 0.818792522  1  12  1  B
 0.866623017  1  13  1  B
 0.908116350  1  14  1  B
 0.955039562  1  0  1  B
 0.991083167  1  1  1  B
 1.033387391  1  2  1  B
 1.070648841  1  3  1  B
 1.106995865  1  4  1  B
 1.123232136  1  5  1  B
 1.162788483  1  6  1  B
 1.202618915  1  7  1  B
 1.245425592  1  8  1  B
 1.257053344  1  9  1  B
 1.267812226  1  10  1  B
 1.301316535  1  11  1  B
 1.347009579  1  12  1  B
 1.363542177  1  13  1  B
 1.401415054  1  14  1  B
 1.422703667  1  0  1  B
 1.465866974  1  1  1  B
 1.484139015  1  2  1  B
 1.521265823  1  3  1  B
 1.568212850  1  4  1  B
 1.580110870  1  5  1  B
 1.599826061  1  6  1  B
 1.621053749  1  7  1  B
 1.664419245  1  8  1  B
 1.675752915  1  9  1  B
 1.717743731  1  10  1  B
 1.761891525  1  11  1  B
 1.782712441  1  12  1  B
 0.000000000  9  9  9  J
 0.001555790  9  8  9  J
 0.043242405  9  7  9  J
 0.077177883  9  6  9  J
 0.088102576  9  5  9  J
 0.120413395  9  4  9  J
 0.157496320  9  3  9  J
 0.196105540  9  2  9  J
 0.223838327  9  1  9  J
 0.242907835  9  0  9  J
 0.253297815  9  14  9  J
 0.276651573  9  13  9  J
 0.309554023  9  12  9  J
 0.362712457  9  11  9  J
 0.382792783  9  10  9  J
 0.426690578  9  9  9  J
 0.439960652  9  8  9  J
 0.480334524  9  7  9  J
 0.492645578  9  6  9  J
 0.504811561  9  5  9  J
 0.537405401  9  4  9  J
 0.559770104  9  3  9  J
 0.586745600  9  2  9  J
 0.624140320  9  1  9  J
 0.647471997  9  0  9  J
 0.714799504  9  14  9  J
 0.744365141  9  13  9  J
 0.760468472  9  12  9  J
 0.779424919  9  11  9  J
 0.792370935  9  10  9  J
 0.805660977  9  9  9  J
 0.840267004  9  8  9  J
 0.865072457  9  7  9  J
 0.898299967  9  6  9  J
 0.913190482  9  5  9  J
 0.948717597  9  4  9  J
 0.978661134  9  3  9  J
 1.002095183  9  2  9  J
 1.026489505  9  1  9  J
 1.058675290  9  0  9  J
 1.083426962  9  14  9  J
 1.111984107  9  13  9  J
 1.160472106  9  12  9  J
 1.206920087  9  11  9  J
 1.243854654  9  10  9  J
 1.274844223  9  9  9  J
 1.286724991  9  8  9  J
 1.330170717  9  7  9  J
 1.376472974  9  6  9  J
 1.403436558  9  5  9  J
 1.427381166  9  4  9  J
 1.437610083  9  3  9  J
 1.480640710  9  2  9  J
 1.516653677  9  1  9  J
 1.537637819  9  0  9  J
 1.555715786  9  14  9  J
 1.582331137  9  13  9  J
 1.614415721  9  12  9  J
 1.626605088  9  11  9  J
 1.653636689  9  10  9  J
 1.672358164  9  9  9  J
 1.691288682  9  8  9  J
 1.722100578  9  7  9  J
 1.747860974  9  6  9  J
 1.774934644  9  5  9  J
 1.804915901  9  4  9  J
 1.825839850  9  3  9  J
 0.000000000  10  10  10  K
 0.001571419  10  10  11  K
 0.045408881  10  10  12  K
 0.070571795  10  10  13  K
 0.113761521  10  10  14  K
 0.139792745  10  10  0  K
 0.160594034  10  10  1  K
 0.191306974  10  10  2  K
 0.219289930  10  10  3  K
 0.236329169  10  10  4  K
 0.247824743  10  10  5  K
 0.280904425  10  10  6  K
 0.326458478  10  10  7  K
 0.345852485  10  10  8  K
 0.380423767  10  10  9  K
 0.396103694  10  10  10  K
 0.417332736  10  10  11  K
 0.458114743  10  10  12  K
 0.501121686  10  10  13  K
 0.525588464  10  10  14  K
 0.571413886  10  10  0  K
 0.611478828  10  10  1  K
 0.638113955  10  10  2  K
 0.682399647  10  10  3  K
 0.722948317  10  10  4  K
 0.754862001  10  10  5  K
 0.788684186  10  10  6  K
 0.830190302  10  10  7  K
 0.869256720  10  10  8  K
 0.901052072  10  10  9  K
 0.917996612  10  10  10  K
 0.939526318  10  10  11  K
 0.967180999  10  10  12  K
 1.003341883  10  10  13  K
 1.021268778  10  10  14  K
 1.045627152  10  10  0  K
 1.064598616  10  10  1  K
 1.101467179  10  10  2  K
 1.141457581  10  10  3  K
 1.176779020  10  10  4  K
 1.219661650  10  10  5  K
 1.250973865  10  10  6  K
 1.295745299  10  10  7  K
 1.310185510  10  10  8  K
 1.358950349  10  10  9  K
 1.382057345  10  10  10  K
 1.412969669  10  10  11  K
 1.445873511  10  10  12  K
 1.476860906  10  10  13  K
 1.493801179  10  10  14  K
 1.532595927  10  10  0  K
 1.545884446  10  10  1  K
 1.588597206  10  10  2  K
 1.615130022  10  10  3  K
 1.658503402  10  10  4  K
 1.689511567  10  10  4  k
 0.000000000  2  2  2  C
 0.001437307  2  2  3  C
 0.041753671  2  2  4  C
 0.076571976  2  2  5  C
 0.111461144  2  2  6  C
 0.135088246  2  2  7  C
 0.161628225  2  2  8  C
 0.193426932  2  2  9  C
 0.242994548  2  2  10  C
 0.268959417  2  2  11  C
 0.309558682  2  2  12  C
 0.332428472  2  2  13  C
 0.382329443  2  2  14  C
 0.402846208  2  2  0  C
 0.443470700  2  2  1  C
 0.485181470  2  2  2  C
 0.520126313  2  2  3  C
 0.547279172  2  2  4  C
 0.585060678  2  2  5  C
 0.633834583  2  2  6  C
 0.646835813  2  2  7  C
 0.688274583  2  2  8  C
 0.733601470  2  2  9  C
 0.761699022  2  2  10  C
 0.811268761  2  2  11  C
 0.835379942  2  2  12  C
 0.845884456  2  2  13  C
 0.864062602  2  2  14  C
 0.902607631  2  2  0  C
 0.938652057  2  2  1  C
 0.984432746  2  2  2  C
 1.006196040  2  2  3  C
 1.050122258  2  2  4  C
 1.095076716  2  2  5  C
 1.116506925  2  2  6  C
 1.163015319  2  2  7  C
 1.206711465  2  2  8  C
 1.232197005  2  2  9  C
 1.276396406  2  2  10  C
 1.326178404  2  2  11  C
 1.365315134  2  2  12  C
 1.414745692  2  2  13  C
 1.431467635  2  2  14  C
 1.476276740  2  2  0  C
 1.491441921  2  2  1  C
 1.568868100  2  2  2  C
 1.580892106  2  2  3  C
 1.619892730  2  2  4  C
 1.651114646  2  2  5  C
 1.680742860  2  2  6  C
 1.713750136  2  2  7  C
 1.753055623  2  2  8  C
 1.764061127  2  2  9  C
 1.783336763  2  2  10  C
 1.803105373  2  2  11  C
 1.844745962  2  2  12  C
 1.873461814  2  2  13  C
 1.917015102  2  2  14  C
 1.948104038  2  2  0  C
 1.974403806  2  2  1  C
 1.988950477  2  2  2  C
