-1 15 15 15
0.000307 14 0 0 O
0.041129 14 1 0 O
0.054167 14 2 0 O
0.089201 14 2 1 O
0.139139 14 2 2 O
0.183342 14 2 1 O
0.208072 14 3 1 O
0.257186 14 4 1 O
0.268600 14 3 1 O
0.290205 14 4 1 O
0.338118 14 4 2 O
0.365243 14 4 1 O
0.409130 14 5 1 O
0.451676 14 5 2 O
0.468632 14 5 3 O
0.486399 14 5 2 O
0.503098 14 5 3 O
0.537715 14 6 3 O
0.000190 5 3 8 F
0.021323 5 2 8 F
0.068087 5 2 7 F
0.079654 5 3 7 F
0.123479 5 3 8 F
0.153140 5 2 8 F
0.168972 5 3 8 F
0.214673 5 3 7 F
0.230983 5 3 8 F
0.261774 5 2 8 F
0.290255 5 1 8 F
0.322016 5 0 8 F
0.350046 5 0 7 F
0.389302 5 1 7 F
0.437632 5 0 7 F
0.487513 5 1 7 F
0.535451 5 1 8 F
0.576910 5 1 9 F
0.601558 5 0 9 F
0.618089 5 0 8 F
0.662041 5 1 8 F
0.000268 8 11 10 I
0.039962 8 11 11 I
0.078475 8 12 11 I
0.116250 8 12 10 I
0.155340 8 12 11 I
0.180842 8 12 12 I
0.227215 8 12 13 I
0.247123 8 13 13 I
0.280049 8 13 12 I
0.302921 8 13 13 I
0.352320 8 14 13 I
0.364112 8 0 13 I
0.402095 8 14 13 I
0.426002 8 0 13 I
0.449617 8 14 13 I
0.476761 8 0 13 I
0.520118 8 14 13 I
0.544561 8 0 13 I
0.588052 8 0 14 I
0.626340 8 0 13 I
0.656093 8 14 13 I
0.675617 8 14 14 I
0.000186 4 6 1 E
0.034499 4 7 1 E
0.073383 4 6 1 E
0.118981 4 6 0 E
0.169023 4 6 14 E
0.205487 4 7 14 E
0.220843 4 6 14 E
0.243458 4 6 13 E
0.270039 4 6 12 E
0.310652 4 7 12 E
0.347847 4 6 12 E
0.397251 4 7 12 E
0.439616 4 8 12 E
0.479095 4 9 12 E
0.515740 4 9 13 E
0.557782 4 9 14 E
0.606319 4 9 13 E
0.622663 4 9 14 E
0.669891 4 10 14 E
0.699491 4 10 13 E
0.742854 4 10 12 E
0.761131 4 9 12 E
0.787452 4 10 12 E
0.800067 4 11 12 E
0.000210 7 13 3 H
0.013937 7 13 2 H
0.038867 7 13 3 H
0.065414 7 14 3 H
0.091503 7 14 4 H
0.124696 7 14 3 H
0.174220 7 14 4 H
0.212385 7 14 3 H
0.247197 7 0 3 H
0.289092 7 0 4 H
0.304083 7 1 4 H
0.336846 7 2 4 H
0.351211 7 2 5 H
0.390436 7 2 4 H
0.439592 7 1 4 H
0.456784 7 1 5 H
0.500701 7 1 4 H
0.517877 7 1 3 H
0.541208 7 2 3 H
0.572190 7 3 3 H
0.621510 7 2 3 H
0.665410 7 2 4 H
0.700597 7 2 3 H
0.737111 7 2 4 H
0.756292 7 3 4 H
0.784929 7 4 4 H
0.831345 7 5 4 H
0.880091 7 5 5 H
0.897724 7 6 5 H
0.922579 7 6 6 H
0.951067 7 7 6 H
0.975638 7 7 7 H
0.995285 7 6 7 H
1.017755 7 7 7 H
1.045203 7 6 7 H
1.092995 7 6 8 H
1.116075 7 5 8 H
1.148954 7 5 7 H
1.160287 7 5 8 H
1.198406 7 5 7 H
1.216378 7 5 6 H
1.238689 7 4 6 H
1.273088 7 5 6 H
1.286116 7 6 6 H
1.298034 7 6 5 H
1.342999 7 6 6 H
1.367638 7 5 6 H
1.398483 7 5 7 H
1.439959 7 6 7 H
1.452090 7 7 7 H
0.000271 10 0 11 K
0.033353 10 14 11 K
0.048950 10 14 12 K
0.096204 10 14 11 K
0.118912 10 14 12 K
0.139211 10 0 12 K
0.174225 10 14 12 K
0.189556 10 13 12 K
0.239180 10 13 13 K
0.274604 10 14 13 K
0.309514 10 14 12 K
0.331340 10 14 11 K
0.360657 10 14 12 K
0.381983 10 14 11 K
0.411368 10 13 11 K
0.445592 10 12 11 K
0.487517 10 12 12 K
0.518990 10 12 11 K
0.561427 10 11 11 K
0.576735 10 12 11 K
0.589223 10 12 12 K
0.625244 10 11 12 K
0.639464 10 11 13 K
0.662038 10 11 12 K
0.672232 10 11 11 K
0.683361 10 10 11 K
0.705181 10 11 11 K
0.738308 10 11 10 K
0.783141 10 10 10 K
0.801221 10 9 10 K
0.837118 10 9 9 K
0.870465 10 9 10 K
0.900206 10 8 10 K
0.912526 10 8 11 K
0.928275 10 9 11 K
0.977374 10 8 11 K
1.010758 10 9 11 K
1.028078 10 8 11 K
1.068039 10 9 11 K
1.097636 10 8 11 K
1.139304 10 8 12 K
1.158094 10 9 12 K
1.185706 10 9 13 K
1.232690 10 8 13 K
1.264373 10 9 13 K
1.276620 10 9 14 K
1.303520 10 9 13 K
1.330529 10 9 12 K
1.358116 10 9 13 K
1.386947 10 9 14 K
1.418410 10 8 14 K
1.436376 10 8 0 K
1.460085 10 7 0 K
1.477827 10 7 14 K
1.518804 10 6 14 K
0.000294 11 9 13 L
0.021376 11 8 13 L
0.043376 11 9 13 L
0.092597 11 10 13 L
0.103971 11 10 12 L
0.116347 11 10 13 L
0.150907 11 9 13 L
0.187260 11 9 14 L
0.226109 11 10 14 L
0.252942 11 10 0 L
0.280068 11 10 14 L
0.326316 11 11 14 L
0.360599 11 11 0 L
0.388096 11 10 0 L
0.431015 11 11 0 L
0.473317 11 12 0 L
0.494228 11 12 14 L
0.512445 11 12 13 L
0.532776 11 12 14 L
0.569703 11 11 14 L
0.588098 11 12 14 L
0.633884 11 12 0 L
0.664295 11 13 0 L
0.713152 11 13 1 L
0.761207 11 13 2 L
0.804455 11 12 2 L
0.844171 11 11 2 L
0.880166 11 12 2 L
0.928223 11 12 3 L
0.959500 11 11 3 L
1.006339 11 12 3 L
1.054555 11 12 2 L
1.095185 11 11 2 L
1.119340 11 11 1 L
1.146540 11 10 1 L
1.180172 11 9 1 L
1.215267 11 9 2 L
1.236043 11 10 2 L
1.261007 11 11 2 L
1.284806 11 10 2 L
1.331709 11 10 3 L
1.381370 11 10 4 L
1.413180 11 11 4 L
1.431118 11 10 4 L
1.473658 11 9 4 L
1.490299 11 9 5 L
1.525198 11 10 5 L
0.000134 1 1 6 B
0.015112 1 1 5 B
0.063100 1 0 5 B
0.082239 1 1 5 B
0.097321 1 0 5 B
0.142388 1 0 6 B
0.167768 1 0 5 B
0.214624 1 1 5 B
0.226113 1 1 6 B
0.272316 1 0 6 B
0.289167 1 0 7 B
0.318205 1 14 7 B
0.366420 1 0 7 B
0.390393 1 0 6 B
0.412480 1 1 6 B
0.437640 1 1 5 B
0.451674 1 2 5 B
0.491938 1 2 6 B
0.519040 1 2 7 B
0.544556 1 2 8 B
0.576841 1 2 7 B
0.603855 1 2 8 B
0.616991 1 2 7 B
0.644706 1 2 6 B
0.671131 1 2 7 B
0.685669 1 2 8 B
0.698303 1 3 8 B
0.711972 1 4 8 B
0.723634 1 5 8 B
0.758536 1 4 8 B
0.808953 1 4 7 B
0.824023 1 4 8 B
0.845296 1 3 8 B
0.860357 1 2 8 B
0.880162 1 1 8 B
0.916041 1 1 9 B
0.927114 1 1 10 B
0.947920 1 0 10 B
0.966527 1 0 11 B
0.997607 1 0 10 B
1.034314 1 0 9 B
1.076274 1 1 9 B
1.114822 1 2 9 B
1.154484 1 2 8 B
1.176660 1 1 8 B
1.205231 1 1 7 B
1.245125 1 2 7 B
1.278120 1 2 6 B
1.326025 1 1 6 B
1.347566 1 1 5 B
1.369106 1 1 4 B
1.393591 1 1 5 B
1.438515 1 1 4 B
1.456043 1 1 3 B
1.491487 1 1 2 B
1.533816 1 1 3 B
1.576335 1 1 2 B
1.588390 1 0 2 B
1.625601 1 0 3 B
1.641230 1 0 4 B
1.663074 1 0 3 B
1.700217 1 0 2 B
1.725407 1 0 3 B
0.000092 0 11 12 A
0.027932 0 11 13 A
0.065418 0 11 14 A
0.082188 0 11 13 A
0.105134 0 10 13 A
0.148080 0 9 13 A
0.174227 0 9 12 A
0.203172 0 10 12 A
0.224994 0 10 13 A
0.244563 0 11 13 A
0.270093 0 11 12 A
0.314851 0 12 12 A
0.336884 0 13 12 A
0.356164 0 12 12 A
0.394981 0 12 13 A
0.406620 0 13 13 A
0.441659 0 13 14 A
0.455669 0 13 0 A
0.468664 0 13 1 A
0.490779 0 13 2 A
0.523271 0 12 2 A
0.544614 0 12 3 A
0.576741 0 11 3 A
0.598107 0 12 3 A
0.622713 0 12 4 A
0.644735 0 12 5 A
0.659549 0 12 4 A
0.673401 0 12 3 A
0.711967 0 13 3 A
0.734511 0 14 3 A
0.775417 0 14 4 A
0.815981 0 13 4 A
0.844175 0 13 5 A
0.882513 0 14 5 A
0.929417 0 0 5 A
0.959496 0 14 5 A
1.008523 0 0 5 A
1.046516 0 0 6 A
1.079585 0 0 5 A
1.112528 0 1 5 A
1.139308 0 1 6 A
1.189282 0 1 7 A
1.213026 0 1 8 A
1.249710 0 2 8 A
1.287284 0 1 8 A
1.312339 0 0 8 A
1.344141 0 0 7 A
1.364098 0 0 6 A
1.380116 0 0 7 A
1.406638 0 0 8 A
1.444027 0 1 8 A
1.479021 0 2 8 A
1.523011 0 1 8 A
1.563475 0 0 8 A
1.594084 0 14 8 A
1.621017 0 0 8 A
1.632090 0 0 7 A
1.679178 0 1 7 A
1.712468 0 2 7 A
1.758594 0 1 7 A
1.793247 0 1 8 A
1.837924 0 0 8 A
0.000139 3 4 1 D
0.048909 3 4 2 D
0.078478 3 4 1 D
0.111591 3 5 1 D
0.149258 3 5 2 D
0.188373 3 6 2 D
0.203238 3 5 2 D
0.248217 3 5 3 D
0.276808 3 5 2 D
0.287657 3 5 3 D
0.330068 3 5 4 D
0.360660 3 5 3 D
0.399615 3 4 3 D
0.423461 3 4 4 D
0.437638 3 4 3 D
0.465035 3 4 2 D
0.515737 3 5 2 D
0.550240 3 5 3 D
0.580279 3 4 3 D
0.600322 3 4 4 D
0.638329 3 4 5 D
0.687077 3 4 6 D
0.727234 3 4 5 D
0.738311 3 3 5 D
0.762353 3 2 5 D
0.776597 3 2 4 D
0.795143 3 2 5 D
0.814516 3 3 5 D
0.839328 3 3 6 D
0.855697 3 3 5 D
0.886183 3 2 5 D
0.930526 3 1 5 D
0.958326 3 1 6 D
0.988826 3 2 6 D
1.011920 3 1 6 D
1.046519 3 1 5 D
1.063231 3 1 6 D
1.101924 3 2 6 D
1.130412 3 1 6 D
1.175567 3 2 6 D
1.226231 3 3 6 D
1.262156 3 2 6 D
1.289536 3 1 6 D
1.321766 3 1 7 D
1.334202 3 1 6 D
1.367646 3 0 6 D
1.381404 3 0 7 D
1.397319 3 0 6 D
1.409938 3 0 7 D
1.438519 3 1 7 D
1.487698 3 1 8 D
1.528513 3 1 7 D
1.567979 3 1 6 D
1.589490 3 1 5 D
1.634462 3 1 4 D
1.665502 3 1 5 D
1.699104 3 2 5 D
1.745452 3 2 4 D
1.790937 3 1 4 D
1.835742 3 1 3 D
1.863728 3 1 4 D
1.913550 3 1 3 D
1.931105 3 0 3 D
1.950777 3 0 4 D
1.970107 3 0 5 D
2.001408 3 1 5 D
2.042944 3 0 5 D
2.072158 3 0 4 D
2.107247 3 14 4 D
0.000301 12 7 6 M
0.046632 12 6 6 M
0.078470 12 6 7 M
0.099602 12 6 6 M
0.143572 12 6 5 M
0.163324 12 5 5 M
0.189560 12 5 4 M
0.237597 12 5 3 M
0.253023 12 6 3 M
0.264136 12 6 4 M
0.286545 12 6 5 M
0.309461 12 5 5 M
0.330142 12 4 5 M
0.350088 12 3 5 M
0.370193 12 3 4 M
0.385481 12 3 3 M
0.423456 12 3 2 M
0.468626 12 3 1 M
0.515687 12 2 1 M
0.566241 12 1 1 M
0.585521 12 1 0 M
0.601507 12 1 14 M
0.623858 12 1 0 M
0.672269 12 0 0 M
0.721434 12 0 1 M
0.756295 12 14 1 M
0.783226 12 14 2 M
0.821475 12 0 2 M
0.844095 12 0 3 M
0.887368 12 1 3 M
0.902763 12 2 3 M
0.925938 12 3 3 M
0.961232 12 3 4 M
1.000210 12 4 4 M
1.044089 12 3 4 M
1.089249 12 2 4 M
1.127089 12 2 5 M
1.170027 12 1 5 M
1.182475 12 2 5 M
1.223563 12 3 5 M
1.260970 12 2 5 M
1.273153 12 3 5 M
1.289533 12 3 4 M
1.310039 12 4 4 M
1.335396 12 3 4 M
1.354364 12 4 4 M
1.376629 12 3 4 M
1.392493 12 3 3 M
1.426373 12 2 3 M
1.452063 12 2 4 M
1.500980 12 2 3 M
1.536018 12 3 3 M
1.563377 12 2 3 M
1.586019 12 3 3 M
1.596209 12 2 3 M
1.641234 12 2 2 M
1.666617 12 1 2 M
1.689476 12 1 3 M
1.723129 12 2 3 M
1.755336 12 3 3 M
1.780834 12 3 2 M
1.821964 12 4 2 M
1.842433 12 5 2 M
1.884671 12 5 3 M
1.933377 12 5 2 M
1.981929 12 4 2 M
2.030575 12 4 3 M
2.045197 12 4 2 M
2.091138 12 3 2 M
2.110647 12 2 2 M
2.160195 12 3 2 M
2.172854 12 3 1 M
0.000159 2 13 2 C
0.041191 2 13 3 C
0.060632 2 13 2 C
0.091499 2 13 1 C
0.121198 2 12 1 C
0.163319 2 12 2 C
0.187333 2 11 2 C
0.217388 2 10 2 C
0.257247 2 9 2 C
0.284266 2 9 3 C
0.333551 2 9 4 C
0.379701 2 9 5 C
0.392666 2 10 5 C
0.410228 2 10 4 C
0.445612 2 9 4 C
0.480264 2 8 4 C
0.512411 2 8 3 C
0.560238 2 8 4 C
0.606359 2 7 4 C
0.653538 2 7 5 C
0.691351 2 7 6 C
0.734555 2 7 7 C
0.753749 2 6 7 C
0.798638 2 6 8 C
0.819125 2 5 8 C
0.834818 2 5 9 C
0.875102 2 5 10 C
0.911416 2 4 10 C
0.922574 2 3 10 C
0.966523 2 3 9 C
0.986461 2 3 10 C
1.015446 2 3 9 C
1.051074 2 4 9 C
1.065401 2 4 10 C
1.078476 2 5 10 C
1.096343 2 5 9 C
1.110338 2 6 9 C
1.121553 2 6 10 C
1.163553 2 6 9 C
1.210503 2 5 9 C
1.252287 2 4 9 C
1.295822 2 3 9 C
1.328314 2 3 8 C
1.358191 2 3 7 C
1.391262 2 3 8 C
1.424083 2 3 7 C
1.471396 2 4 7 C
1.515554 2 4 8 C
1.527416 2 4 7 C
1.561103 2 3 7 C
1.575222 2 3 6 C
1.587211 2 3 7 C
1.634389 2 2 7 C
1.678010 2 2 6 C
1.718497 2 2 5 C
1.734024 2 3 5 C
1.773447 2 4 5 C
1.784063 2 4 4 C
1.825393 2 5 4 C
1.851102 2 5 5 C
1.891079 2 5 4 C
1.907297 2 5 5 C
1.938923 2 4 5 C
1.964628 2 5 5 C
1.977708 2 5 4 C
2.022266 2 6 4 C
2.053081 2 6 5 C
2.066922 2 6 6 C
2.088855 2 7 6 C
2.114111 2 6 6 C
2.142481 2 7 6 C
2.157863 2 6 6 C
2.196395 2 5 6 C
2.209650 2 6 6 C
2.226372 2 6 5 C
2.254218 2 6 6 C
2.280270 2 5 6 C
2.295529 2 6 6 C
2.332101 2 6 5 C
2.352963 2 6 6 C
2.371708 2 6 7 C
2.391915 2 6 6 C
2.436092 2 7 6 C
2.455462 2 6 6 C
0.000305 13 11 8 N
0.033268 13 11 7 N
0.074478 13 11 6 N
0.097316 13 12 6 N
0.134612 13 12 5 N
0.150854 13 13 5 N
0.176428 13 13 4 N
0.208004 13 13 3 N
0.231058 13 13 2 N
0.268516 13 12 2 N
0.284262 13 12 3 N
0.331393 13 12 4 N
0.379634 13 11 4 N
0.424630 13 12 4 N
0.468667 13 11 4 N
0.494231 13 10 4 N
0.511376 13 11 4 N
0.523268 13 12 4 N
0.544618 13 11 4 N
0.567447 13 10 4 N
0.586691 13 9 4 N
0.608540 13 9 3 N
0.646221 13 10 3 N
0.657255 13 10 2 N
0.705105 13 11 2 N
0.729532 13 10 2 N
0.755102 13 10 1 N
0.795085 13 11 1 N
0.821426 13 11 0 N
0.835962 13 12 0 N
0.862569 13 12 1 N
0.900210 13 12 0 N
0.928278 13 12 1 N
0.969015 13 11 1 N
1.001336 13 11 2 N
1.015441 13 11 1 N
1.055678 13 12 1 N
1.090415 13 12 0 N
1.130460 13 11 0 N
1.167819 13 11 14 N
1.211603 13 11 13 N
1.255512 13 12 13 N
1.276626 13 11 13 N
1.319550 13 11 12 N
1.356836 13 11 11 N
1.380111 13 12 11 N
1.409903 13 12 12 N
1.437433 13 12 13 N
1.464174 13 11 13 N
1.504376 13 12 13 N
1.551496 13 12 12 N
1.575226 13 12 13 N
1.605199 13 12 12 N
1.617415 13 11 12 N
1.633278 13 11 11 N
1.653695 13 12 11 N
1.666664 13 11 11 N
1.689535 13 11 10 N
1.726555 13 11 11 N
1.773452 13 12 11 N
1.786626 13 11 11 N
1.820851 13 11 12 N
1.867109 13 12 12 N
1.903968 13 11 12 N
1.916764 13 11 11 N
1.961413 13 11 10 N
1.987159 13 11 11 N
2.016933 13 12 11 N
2.038631 13 12 12 N
2.051700 13 12 13 N
2.077615 13 13 13 N
2.094598 13 13 14 N
2.137013 13 13 13 N
2.183861 13 13 14 N
2.231684 13 13 0 N
2.263867 13 12 0 N
2.301115 13 11 0 N
2.350608 13 11 14 N
2.391918 13 11 0 N
2.425810 13 12 0 N
2.459448 13 11 0 N
2.485812 13 10 0 N
2.516040 13 11 0 N
2.544087 13 11 1 N
2.586971 13 10 1 N
2.598380 13 10 0 N
2.633561 13 10 14 N
2.661426 13 10 13 N
2.674142 13 10 12 N
2.702323 13 10 13 N
2.733315 13 9 13 N
2.761694 13 9 14 N
0.000267 9 14 13 J
0.027936 9 14 12 J
0.075591 9 0 12 J
0.116354 9 1 12 J
0.128254 9 1 13 J
0.145781 9 0 13 J
0.182223 9 0 12 J
0.214620 9 14 12 J
0.236503 9 14 13 J
0.286548 9 13 13 J
0.330187 9 13 12 J
0.365238 9 13 13 J
0.409135 9 12 13 J
0.429533 9 12 12 J
0.471105 9 12 11 J
0.511313 9 12 12 J
0.534264 9 12 11 J
0.580343 9 12 12 J
0.607429 9 12 13 J
0.620358 9 13 13 J
0.632747 9 13 12 J
0.657298 9 12 12 J
0.700632 9 13 12 J
0.724775 9 14 12 J
0.775412 9 14 11 J
0.787376 9 0 11 J
0.821422 9 0 12 J
0.832513 9 0 11 J
0.865765 9 1 11 J
0.912577 9 0 11 J
0.961227 9 14 11 J
0.978581 9 13 11 J
1.004765 9 13 10 J
1.053378 9 14 10 J
1.087068 9 13 10 J
1.127164 9 14 10 J
1.158090 9 14 9 J
1.202783 9 14 8 J
1.220169 9 0 8 J
1.232685 9 1 8 J
1.265551 9 2 8 J
1.281481 9 2 7 J
1.304724 9 2 8 J
1.351009 9 2 9 J
1.363001 9 3 9 J
1.374347 9 4 9 J
1.393629 9 4 10 J
1.407739 9 5 10 J
1.428591 9 4 10 J
1.448087 9 5 10 J
1.487618 9 6 10 J
1.529610 9 5 10 J
1.562272 9 5 9 J
1.603486 9 5 10 J
1.638615 9 5 9 J
1.679174 9 4 9 J
1.721967 9 4 8 J
1.748005 9 5 8 J
1.773454 9 5 7 J
1.810594 9 6 7 J
1.852216 9 6 8 J
1.902589 9 6 7 J
1.920987 9 5 7 J
1.934486 9 6 7 J
1.951953 9 7 7 J
1.981977 9 8 7 J
1.999173 9 8 8 J
2.044100 9 8 7 J
2.091191 9 8 8 J
2.136948 9 7 8 J
2.161306 9 6 8 J
2.173977 9 6 7 J
2.211020 9 6 6 J
2.257349 9 5 6 J
2.270215 9 5 7 J
2.297854 9 5 6 J
2.321849 9 6 6 J
2.367291 9 7 6 J
2.410095 9 7 7 J
2.457506 9 6 7 J
2.496576 9 7 7 J
2.532837 9 6 7 J
2.582742 9 6 6 J
2.624405 9 5 6 J
2.647220 9 5 7 J
2.696062 9 5 8 J
2.726517 9 5 7 J
2.754467 9 5 6 J
2.778315 9 5 7 J
2.819057 9 4 7 J
2.848701 9 4 6 J
2.859921 9 4 5 J
0.000207 6 11 0 G
0.046686 6 11 14 G
0.063095 6 11 13 G
0.087978 6 11 12 G
0.124692 6 11 11 G
0.150858 6 10 11 G
0.194919 6 11 11 G
0.212348 6 11 10 G
0.257307 6 11 11 G
0.273494 6 11 10 G
0.296437 6 12 10 G
0.307282 6 12 11 G
0.346654 6 13 11 G
0.392669 6 13 12 G
0.419939 6 13 11 G
0.445594 6 13 10 G
0.490782 6 14 10 G
0.520080 6 14 9 G
0.568584 6 14 8 G
0.592738 6 14 7 G
0.637163 6 14 8 G
0.676809 6 14 9 G
0.691295 6 0 9 G
0.728423 6 0 10 G
0.747326 6 14 10 G
0.784460 6 14 9 G
0.813340 6 14 10 G
0.858162 6 13 10 G
0.904122 6 13 9 G
0.917153 6 13 10 G
0.936143 6 14 10 G
0.947973 6 14 11 G
0.973425 6 14 10 G
0.988899 6 13 10 G
1.006342 6 14 10 G
1.042637 6 14 11 G
1.063188 6 14 12 G
1.109162 6 14 13 G
1.135963 6 14 14 G
1.175562 6 0 14 G
1.188182 6 0 0 G
1.218961 6 1 0 G
1.238613 6 1 14 G
1.287311 6 0 14 G
1.320657 6 14 14 G
1.364140 6 0 14 G
1.381317 6 1 14 G
1.398431 6 2 14 G
1.419588 6 2 13 G
1.436322 6 2 14 G
1.462110 6 2 0 G
1.498775 6 2 1 G
1.543280 6 1 1 G
1.561010 6 0 1 G
1.581631 6 14 1 G
1.617419 6 14 0 G
1.666613 6 14 1 G
1.714981 6 13 1 G
1.727664 6 13 2 G
1.763120 6 13 1 G
1.774646 6 14 1 G
1.824175 6 13 1 G
1.842473 6 13 0 G
1.892192 6 13 14 G
1.933374 6 13 0 G
1.944396 6 13 1 G
1.994721 6 13 2 G
2.033077 6 13 1 G
2.063345 6 14 1 G
2.096033 6 14 2 G
2.130578 6 0 2 G
2.180598 6 0 1 G
2.225259 6 0 0 G
2.272484 6 14 0 G
2.285110 6 0 0 G
2.318398 6 1 0 G
2.337349 6 1 14 G
2.356086 6 0 14 G
2.396438 6 0 0 G
2.407661 6 1 0 G
2.421643 6 1 1 G
2.471535 6 1 0 G
2.498816 6 0 0 G
2.525355 6 14 0 G
2.556280 6 14 1 G
2.603736 6 0 1 G
2.618183 6 1 1 G
2.645022 6 1 0 G
2.669688 6 2 0 G
2.693680 6 1 0 G
2.731102 6 1 1 G
2.771000 6 1 0 G
2.796541 6 0 0 G
2.835371 6 0 1 G
2.878209 6 14 1 G
2.926442 6 14 2 G
2.973662 6 14 1 G
2.994118 6 0 1 G
