-1 15 15 15
0.000111 3 3 3 D
0.024156 3 2 3 D
0.072247 3 1 3 D
0.131657 3 0 3 D
0.160517 3 14 3 D
0.204470 3 13 3 D
0.237595 3 12 3 D
0.285324 3 11 3 D
0.322205 3 10 3 D
0.346276 3 9 3 D
0.385486 3 8 3 D
0.399339 3 7 3 D
0.413923 3 6 3 D
0.000209 10 10 10 K
0.043460 10 10 9 K
0.076526 10 10 8 K
0.114549 10 10 7 K
0.129475 10 10 6 K
0.171850 10 10 5 K
0.219482 10 10 4 K
0.249221 10 10 3 K
0.271719 10 10 2 K
0.285323 10 10 1 K
0.305480 10 10 0 K
0.343063 10 10 14 K
0.377746 10 10 13 K
0.405497 10 10 12 K
0.421310 10 10 11 K
0.471625 10 10 10 K
0.521742 10 10 9 K
0.545121 10 10 8 K
0.580359 10 10 7 K
0.620925 10 10 6 K
0.655931 10 10 5 K
0.704605 10 10 4 K
0.726283 10 10 3 K
0.748643 10 10 2 K
0.777750 10 10 1 K
0.791037 10 10 0 K
0.000210 13 13 13 N
0.056354 13 14 13 N
0.089115 13 0 13 N
0.106046 13 1 13 N
0.146632 13 2 13 N
0.171880 13 3 13 N
0.195095 13 4 13 N
0.217272 13 5 13 N
0.254555 13 6 13 N
0.273675 13 7 13 N
0.290715 13 8 13 N
0.303327 13 9 13 N
0.329571 13 10 13 N
0.349495 13 11 13 N
0.380895 13 12 13 N
0.419173 13 13 13 N
0.441609 13 14 13 N
0.482816 13 0 13 N
0.519586 13 1 13 N
0.536664 13 2 13 N
0.552636 13 3 13 N
0.565379 13 4 13 N
0.612569 13 5 13 N
0.655931 13 6 13 N
0.704604 13 7 13 N
0.737908 13 8 13 N
0.783876 13 9 13 N
0.802984 13 10 13 N
0.846163 13 11 13 N
0.888442 13 12 13 N
0.913833 13 13 13 N
0.942181 13 14 13 N
0.958816 13 0 13 N
0.972633 13 1 13 N
0.984462 13 2 13 N
1.028525 13 3 13 N
0.000207 9 9 9 J
0.077592 9 10 9 J
0.104997 9 11 9 J
0.138070 9 12 9 J
0.185649 9 13 9 J
0.210866 9 14 9 J
0.271731 9 0 9 J
0.317062 9 1 9 J
0.328494 9 2 9 J
0.372135 9 3 9 J
0.389778 9 4 9 J
0.428512 9 5 9 J
0.464178 9 6 9 J
0.513069 9 7 9 J
0.546185 9 8 9 J
0.593318 9 9 9 J
0.614687 9 10 9 J
0.643119 9 11 9 J
0.692425 9 12 9 J
0.729521 9 13 9 J
0.774497 9 14 9 J
0.822398 9 0 9 J
0.857782 9 1 9 J
0.873732 9 2 9 J
0.917469 9 3 9 J
0.961998 9 4 9 J
0.982339 9 5 9 J
1.006782 9 6 9 J
1.048450 9 7 9 J
1.062854 9 8 9 J
1.102943 9 9 9 J
1.139017 9 10 9 J
1.161948 9 11 9 J
1.210083 9 12 9 J
1.255595 9 13 9 J
1.284932 9 14 9 J
1.312510 9 0 9 J
0.000342 6 6 6 G
0.020877 6 6 7 G
0.068021 6 6 8 G
0.106045 6 6 9 G
0.121982 6 6 10 G
0.146644 6 6 11 G
0.170716 6 6 12 G
0.182423 6 6 13 G
0.219439 6 6 14 G
0.248116 6 6 0 G
0.298179 6 6 1 G
0.314919 6 6 2 G
0.359718 6 6 3 G
0.376376 6 6 4 G
0.394020 6 6 5 G
0.432844 6 6 6 G
0.477956 6 6 7 G
0.522802 6 6 8 G
0.538783 6 6 9 G
0.586792 6 6 10 G
0.609347 6 6 11 G
0.651621 6 6 12 G
0.704611 6 6 13 G
0.730627 6 6 14 G
0.769483 6 6 0 G
0.796634 6 6 1 G
0.842766 6 6 2 G
0.879978 6 6 3 G
0.907514 6 6 4 G
1.001509 6 6 5 G
1.025933 6 6 6 G
1.111484 6 6 7 G
1.156708 6 6 8 G
1.199425 6 6 9 G
1.228119 6 6 10 G
1.255586 6 6 11 G
1.304369 6 6 12 G
1.332471 6 6 13 G
1.356029 6 6 14 G
0.000148 8 8 8 I
0.031764 8 8 7 I
0.072238 8 8 6 I
0.085969 8 8 5 I
0.123070 8 8 4 I
0.154116 8 8 3 I
0.191955 8 8 2 I
0.232254 8 8 1 I
0.271719 8 8 0 I
0.296067 8 8 14 I
0.322206 8 8 13 I
0.334722 8 8 12 I
0.398264 8 8 11 I
0.435011 8 8 10 I
0.455638 8 8 9 I
0.502723 8 8 8 I
0.535603 8 8 7 I
0.569741 8 8 6 I
0.592257 8 8 5 I
0.612606 8 8 4 I
0.662381 8 8 3 I
0.709757 8 8 2 I
0.721174 8 8 1 I
0.768029 8 8 0 I
0.805594 8 8 14 I
0.851918 8 8 13 I
0.876430 8 8 12 I
0.921135 8 8 11 I
0.944337 8 8 10 I
0.980188 8 8 9 I
1.006744 8 8 8 I
1.056632 8 8 7 I
1.099643 8 8 6 I
1.123828 8 8 5 I
1.147453 8 8 4 I
1.189838 8 8 3 I
1.233300 8 8 2 I
1.282920 8 8 1 I
1.322120 8 8 0 I
1.359357 8 8 14 I
1.388224 8 8 13 I
1.421721 8 8 12 I
1.442293 8 8 11 I
0.000130 2 2 2 C
0.073298 2 2 3 C
0.114550 2 2 4 C
0.160527 2 2 5 C
0.180259 2 2 6 C
0.232269 2 2 7 C
0.263899 2 2 8 C
0.287497 2 2 9 C
0.317063 2 2 10 C
0.341983 2 2 11 C
0.384419 2 2 12 C
0.427451 2 2 13 C
0.452421 2 2 14 C
0.501572 2 2 0 C
0.531414 2 2 1 C
0.562180 2 2 2 C
0.601962 2 2 3 C
0.628042 2 2 4 C
0.654880 2 2 5 C
0.693529 2 2 6 C
0.742175 2 2 7 C
0.780406 2 2 8 C
0.826016 2 2 9 C
0.864102 2 2 10 C
0.877577 2 2 11 C
0.916353 2 2 12 C
0.933812 2 2 13 C
0.976900 2 2 14 C
1.010876 2 2 0 C
1.029597 2 2 1 C
1.063906 2 2 2 C
1.079814 2 2 3 C
1.112595 2 2 4 C
1.146355 2 2 5 C
1.194155 2 2 6 C
1.234360 2 2 7 C
1.280922 2 2 8 C
1.301247 2 2 9 C
1.347965 2 2 10 C
1.365140 2 2 11 C
1.402758 2 2 12 C
1.415087 2 2 13 C
1.457576 2 2 14 C
1.476574 2 2 0 C
1.495810 2 2 1 C
1.506385 2 2 2 C
1.551363 2 2 3 C
1.595774 2 2 4 C
1.616851 2 2 5 C
1.651175 2 2 6 C
1.666495 2 2 7 C
1.697073 2 2 8 C
1.736907 2 2 9 C
1.761968 2 2 10 C
1.799151 2 2 11 C
1.835241 2 2 12 C
1.846575 2 2 13 C
0.000211 12 12 12 M
0.013462 12 12 11 M
0.059534 12 12 10 M
0.104984 12 12 9 M
0.137020 12 12 8 M
0.151977 12 12 7 M
0.172923 12 12 6 M
0.200303 12 12 5 M
0.244939 12 12 4 M
0.293929 12 12 3 M
0.312780 12 12 2 M
0.339174 12 12 1 M
0.364863 12 12 0 M
0.413961 12 12 14 M
0.462052 12 12 13 M
0.480076 12 12 12 M
0.495164 12 12 11 M
0.541994 12 12 10 M
0.553697 12 12 9 M
0.582525 12 12 8 M
0.604121 12 12 7 M
0.616805 12 12 6 M
0.639963 12 12 5 M
0.674156 12 12 4 M
0.694652 12 12 3 M
0.727351 12 12 2 M
0.747415 12 12 1 M
0.777753 12 12 0 M
0.797808 12 12 14 M
0.817952 12 12 13 M
0.833535 12 12 12 M
0.854404 12 12 11 M
0.892648 12 12 10 M
0.919776 12 12 9 M
0.965183 12 12 8 M
0.979066 12 12 7 M
1.025931 12 12 6 M
1.072199 12 12 5 M
1.122767 12 12 4 M
1.144222 12 12 3 M
1.163062 12 12 2 M
1.176403 12 12 1 M
1.191961 12 12 0 M
1.227070 12 12 14 M
1.249180 12 12 13 M
1.266719 12 12 12 M
1.314647 12 12 11 M
1.329245 12 12 10 M
1.377581 12 12 9 M
1.405878 12 12 8 M
1.440949 12 12 7 M
1.469931 12 12 6 M
1.496964 12 12 5 M
1.537505 12 12 4 M
1.575559 12 12 3 M
1.604120 12 12 2 M
1.626401 12 12 1 M
1.669730 12 12 0 M
1.712448 12 12 14 M
1.726142 12 12 13 M
1.741100 12 12 12 M
1.755633 12 12 11 M
1.779043 12 12 10 M
1.817411 12 12 9 M
1.851977 12 12 8 M
1.864428 12 12 7 M
1.903478 12 12 6 M
1.949467 12 12 5 M
1.993357 12 12 4 M
2.032097 12 12 3 M
2.076837 12 12 2 M
2.112307 12 12 1 M
2.149679 12 12 0 M
0.000146 1 1 1 B
0.012340 1 0 1 B
0.027298 1 14 1 B
0.062715 1 13 1 B
0.110307 1 12 1 B
0.138071 1 11 1 B
0.157300 1 10 1 B
0.176117 1 9 1 B
0.191916 1 8 1 B
0.226927 1 7 1 B
0.271729 1 6 1 B
0.297119 1 5 1 B
0.323267 1 4 1 B
0.358658 1 3 1 B
0.405459 1 2 1 B
0.432882 1 1 1 B
0.450337 1 0 1 B
0.482514 1 14 1 B
0.529182 1 13 1 B
0.560064 1 12 1 B
0.577177 1 11 1 B
0.609385 1 10 1 B
0.638853 1 9 1 B
0.670935 1 8 1 B
0.719062 1 7 1 B
0.759031 1 6 1 B
0.783840 1 5 1 B
0.817928 1 4 1 B
0.840559 1 3 1 B
0.882205 1 2 1 B
0.907474 1 1 1 B
0.930628 1 0 1 B
0.944299 1 14 1 B
0.980295 1 13 1 B
1.021116 1 12 1 B
1.064968 1 11 1 B
1.092587 1 10 1 B
1.121673 1 9 1 B
1.147456 1 8 1 B
1.171320 1 7 1 B
1.203671 1 6 1 B
1.220798 1 5 1 B
1.248098 1 4 1 B
1.280934 1 3 1 B
1.294101 1 2 1 B
1.312524 1 1 1 B
1.339699 1 0 1 B
1.391545 1 14 1 B
1.418403 1 13 1 B
1.432682 1 12 1 B
1.446947 1 11 1 B
1.465238 1 10 1 B
1.477776 1 9 1 B
1.517797 1 8 1 B
1.532143 1 7 1 B
1.559825 1 6 1 B
1.571298 1 5 1 B
1.608370 1 4 1 B
1.642922 1 3 1 B
1.674360 1 2 1 B
1.724983 1 1 1 B
1.811344 1 0 1 B
1.826828 1 14 1 B
1.847700 1 13 1 B
1.868936 1 12 1 B
1.904594 1 11 1 B
1.919805 1 10 1 B
1.959905 1 9 1 B
1.980725 1 8 1 B
1.999591 1 7 1 B
2.035240 1 6 1 B
2.050116 1 5 1 B
2.062057 1 4 1 B
2.102865 1 3 1 B
2.123316 1 2 1 B
2.154898 1 1 1 B
0.000212 11 11 11 L
0.059542 11 12 11 L
0.079726 11 13 11 L
0.128424 11 14 11 L
0.150900 11 0 11 L
0.172912 11 1 11 L
0.222668 11 2 11 L
0.235477 11 3 11 L
0.246001 11 4 11 L
0.283197 11 5 11 L
0.296067 11 6 11 L
0.324349 11 7 11 L
0.358697 11 8 11 L
0.398255 11 9 11 L
0.471635 11 10 11 L
0.486957 11 11 11 L
0.542006 11 12 11 L
0.559003 11 13 11 L
0.605450 11 14 11 L
0.654870 11 0 11 L
0.682852 11 1 11 L
0.695798 11 2 11 L
0.742175 11 3 11 L
0.769489 11 4 11 L
0.804392 11 5 11 L
0.828243 11 6 11 L
0.855575 11 7 11 L
0.878729 11 8 11 L
0.921082 11 9 11 L
0.933774 11 10 11 L
0.975840 11 11 11 L
1.004621 11 12 11 L
1.025403 11 13 11 L
1.074415 11 14 11 L
1.092573 11 0 11 L
1.126948 11 1 11 L
1.147415 11 2 11 L
1.163061 11 3 11 L
1.200486 11 4 11 L
1.218631 11 5 11 L
1.236480 11 6 11 L
1.254516 11 7 11 L
1.301257 11 8 11 L
1.329244 11 9 11 L
1.359320 11 10 11 L
1.378695 11 11 11 L
1.427232 11 12 11 L
1.463000 11 13 11 L
1.510513 11 14 11 L
1.555652 11 0 11 L
1.597902 11 1 11 L
1.614642 11 2 11 L
1.654296 11 3 11 L
1.684118 11 4 11 L
1.720555 11 5 11 L
1.739037 11 6 11 L
1.787181 11 7 11 L
1.800310 11 8 11 L
1.831105 11 9 11 L
1.846613 11 10 11 L
1.893930 11 11 11 L
1.921979 11 12 11 L
1.971002 11 13 11 L
1.986285 11 14 11 L
2.026805 11 0 11 L
2.054496 11 1 11 L
2.079274 11 2 11 L
2.094524 11 3 11 L
2.121129 11 4 11 L
2.166645 11 5 11 L
2.199631 11 6 11 L
2.212150 11 7 11 L
2.246465 11 8 11 L
2.263125 11 9 11 L
2.285192 11 10 11 L
2.320790 11 11 11 L
2.345813 11 12 11 L
2.393796 11 13 11 L
0.000142 7 7 7 H
0.069081 7 6 7 H
0.082790 7 5 7 H
0.159448 7 4 7 H
0.184589 7 3 7 H
0.205568 7 2 7 H
0.232255 7 1 7 H
0.267763 7 0 7 H
0.292846 7 14 7 H
0.310623 7 13 7 H
0.343074 7 12 7 H
0.357557 7 11 7 H
0.407654 7 10 7 H
0.435186 7 9 7 H
0.472707 7 8 7 H
0.514202 7 7 7 H
0.548345 7 6 7 H
0.587852 7 5 7 H
0.630185 7 4 7 H
0.679664 7 3 7 H
0.694653 7 2 7 H
0.737907 7 1 7 H
0.770590 7 0 7 H
0.810237 7 14 7 H
0.824647 7 13 7 H
0.871537 7 12 7 H
0.910291 7 11 7 H
0.935886 7 10 7 H
0.985547 7 9 7 H
1.010886 7 8 7 H
1.028524 7 7 7 H
1.066074 7 6 7 H
1.110423 7 5 7 H
1.129790 7 4 7 H
1.146355 7 3 7 H
1.170222 7 2 7 H
1.193061 7 1 7 H
1.212253 7 0 7 H
1.242757 7 14 7 H
1.286908 7 13 7 H
1.336615 7 12 7 H
1.375336 7 11 7 H
1.419513 7 10 7 H
1.465303 7 9 7 H
1.501114 7 8 7 H
1.550302 7 7 7 H
1.586178 7 6 7 H
1.596837 7 5 7 H
1.615746 7 4 7 H
1.637666 7 3 7 H
1.698125 7 2 7 H
1.728419 7 1 7 H
1.774411 7 0 7 H
1.822561 7 14 7 H
1.871392 7 13 7 H
1.903517 7 12 7 H
1.920872 7 11 7 H
1.963484 7 10 7 H
1.987485 7 9 7 H
2.027869 7 8 7 H
2.056664 7 7 7 H
2.080440 7 6 7 H
2.105284 7 5 7 H
2.144544 7 4 7 H
2.164436 7 3 7 H
2.180586 7 2 7 H
2.203853 7 1 7 H
2.220902 7 0 7 H
2.248540 7 14 7 H
2.272563 7 13 7 H
2.319728 7 12 7 H
2.365948 7 11 7 H
2.389329 7 10 7 H
2.417147 7 9 7 H
2.449498 7 8 7 H
2.482208 7 7 7 H
2.494000 7 6 7 H
2.514599 7 5 7 H
2.551427 7 4 7 H
2.570470 7 3 7 H
2.587854 7 2 7 H
2.626764 7 1 7 H
2.649452 7 0 7 H
0.000212 14 14 14 O
0.014560 14 14 13 O
0.055282 14 14 12 O
0.084908 14 14 11 O
0.097525 14 14 10 O
0.119858 14 14 9 O
0.155178 14 14 8 O
0.191916 14 14 7 O
0.242819 14 14 6 O
0.285322 14 14 5 O
0.329570 14 14 4 O
0.347377 14 14 3 O
0.372117 14 14 2 O
0.406570 14 14 1 O
0.455621 14 14 0 O
0.499393 14 14 14 O
0.509789 14 14 13 O
0.546183 14 14 12 O
0.567553 14 14 11 O
0.605228 14 14 10 O
0.652682 14 14 9 O
0.669813 14 14 8 O
0.696892 14 14 7 O
0.747569 14 14 6 O
0.791009 14 14 5 O
0.833681 14 14 4 O
0.874912 14 14 3 O
0.902981 14 14 2 O
0.919855 14 14 1 O
0.941119 14 14 0 O
0.958854 14 14 14 O
0.981250 14 14 13 O
0.997198 14 14 12 O
1.010874 14 14 11 O
1.045243 14 14 10 O
1.057697 14 14 9 O
1.096875 14 14 8 O
1.129789 14 14 7 O
1.171282 14 14 6 O
1.222938 14 14 5 O
1.247036 14 14 4 O
1.280920 14 14 3 O
1.316808 14 14 2 O
1.341820 14 14 1 O
1.391508 14 14 0 O
1.429549 14 14 14 O
1.465363 14 14 13 O
1.482151 14 14 12 O
1.555690 14 14 11 O
1.598964 14 14 10 O
1.624283 14 14 9 O
1.655357 14 14 8 O
1.706310 14 14 7 O
1.723873 14 14 6 O
1.745267 14 14 5 O
1.769451 14 14 4 O
1.806957 14 14 3 O
1.824684 14 14 2 O
1.848796 14 14 1 O
1.884829 14 14 0 O
1.919800 14 14 14 O
1.962340 14 14 13 O
1.974338 14 14 12 O
2.027870 14 14 11 O
2.049030 14 14 10 O
2.077946 14 14 9 O
2.092240 14 14 8 O
2.118746 14 14 7 O
2.169206 14 14 6 O
2.192297 14 14 5 O
2.231228 14 14 4 O
2.246391 14 14 3 O
2.287130 14 14 2 O
2.306260 14 14 1 O
2.321894 14 14 0 O
2.348500 14 14 14 O
2.374623 14 14 13 O
2.408815 14 14 12 O
2.422498 14 14 11 O
2.453914 14 14 10 O
2.502410 14 14 9 O
2.544571 14 14 8 O
2.590293 14 14 7 O
2.608869 14 14 6 O
2.634039 14 14 5 O
2.678559 14 14 4 O
2.691945 14 14 3 O
2.718345 14 14 2 O
2.738304 14 14 1 O
2.774815 14 14 0 O
2.804334 14 14 14 O
0.000135 4 4 4 E
0.056363 4 4 5 E
0.091255 4 4 6 E
0.120920 4 4 7 E
0.159440 4 4 8 E
0.188769 4 4 9 E
0.233318 4 4 10 E
0.284257 4 4 11 E
0.334725 4 4 12 E
0.345216 4 4 13 E
0.382279 4 4 14 E
0.414277 4 4 0 E
0.429572 4 4 1 E
0.459885 4 4 2 E
0.482515 4 4 3 E
0.518486 4 4 4 E
0.581420 4 4 5 E
0.596587 4 4 6 E
0.680752 4 4 7 E
0.699150 4 4 8 E
0.735788 4 4 9 E
0.772918 4 4 10 E
0.822446 4 4 11 E
0.871614 4 4 12 E
0.913874 4 4 13 E
0.941158 4 4 14 E
0.980297 4 4 0 E
1.020032 4 4 1 E
1.056636 4 4 2 E
1.071136 4 4 3 E
1.112547 4 4 4 E
1.130874 4 4 5 E
1.179584 4 4 6 E
1.220799 4 4 7 E
1.237563 4 4 8 E
1.284940 4 4 9 E
1.331388 4 4 10 E
1.377567 4 4 11 E
1.406939 4 4 12 E
1.429481 4 4 13 E
1.472349 4 4 14 E
1.485376 4 4 0 E
1.503237 4 4 1 E
1.552424 4 4 2 E
1.578744 4 4 3 E
1.609480 4 4 4 E
1.622119 4 4 5 E
1.649045 4 4 6 E
1.671898 4 4 7 E
1.690656 4 4 8 E
1.727337 4 4 9 E
1.760811 4 4 10 E
1.803672 4 4 11 E
1.831115 4 4 12 E
1.873913 4 4 13 E
1.889397 4 4 14 E
1.920875 4 4 0 E
1.932125 4 4 1 E
1.959939 4 4 2 E
1.971040 4 4 3 E
2.010642 4 4 4 E
2.066451 4 4 5 E
2.084889 4 4 6 E
2.101735 4 4 7 E
2.143484 4 4 8 E
2.181754 4 4 9 E
2.222367 4 4 10 E
2.270321 4 4 11 E
2.311435 4 4 12 E
2.347411 4 4 13 E
2.390501 4 4 14 E
2.407608 4 4 0 E
2.423588 4 4 1 E
2.467417 4 4 2 E
2.497280 4 4 3 E
2.521364 4 4 4 E
2.553762 4 4 5 E
2.577387 4 4 6 E
2.599673 4 4 7 E
2.627858 4 4 8 E
2.643218 4 4 9 E
2.668792 4 4 10 E
2.706474 4 4 11 E
2.722973 4 4 12 E
2.753898 4 4 13 E
2.778968 4 4 14 E
2.814522 4 4 0 E
2.847909 4 4 1 E
2.885666 4 4 2 E
0.000145 0 0 0 A
0.037095 0 0 1 A
0.064839 0 0 2 A
0.092336 0 0 3 A
0.130592 0 0 4 A
0.143450 0 0 5 A
0.160527 0 0 6 A
0.175031 0 0 7 A
0.197183 0 0 8 A
0.227988 0 0 9 A
0.271730 0 0 10 A
0.290704 0 0 11 A
0.315979 0 0 12 A
0.338863 0 0 13 A
0.368006 0 0 14 A
0.389777 0 0 0 A
0.411780 0 0 1 A
0.449308 0 0 2 A
0.468425 0 0 3 A
0.486956 0 0 4 A
0.511951 0 0 5 A
0.545121 0 0 6 A
0.590096 0 0 7 A
0.612569 0 0 8 A
0.635305 0 0 9 A
0.676236 0 0 10 A
0.694640 0 0 11 A
0.740027 0 0 12 A
0.778892 0 0 13 A
0.810201 0 0 14 A
0.822401 0 0 0 A
0.839426 0 0 1 A
0.873728 0 0 2 A
0.923285 0 0 3 A
0.936991 0 0 4 A
0.971554 0 0 5 A
0.984472 0 0 6 A
1.022238 0 0 7 A
1.045248 0 0 8 A
1.062842 0 0 9 A
1.094715 0 0 10 A
1.127650 0 0 11 A
1.149585 0 0 12 A
1.177464 0 0 13 A
1.209022 0 0 14 A
1.229180 0 0 0 A
1.251323 0 0 1 A
1.293029 0 0 2 A
1.317895 0 0 3 A
1.364103 0 0 4 A
1.386094 0 0 5 A
1.432720 0 0 6 A
1.446884 0 0 7 A
1.496968 0 0 8 A
1.510512 0 0 9 A
1.529978 0 0 10 A
1.598963 0 0 11 A
1.619016 0 0 12 A
1.641817 0 0 13 A
1.689596 0 0 14 A
1.729573 0 0 0 A
1.771844 0 0 1 A
1.811286 0 0 2 A
1.828972 0 0 3 A
1.857170 0 0 4 A
1.903520 0 0 5 A
1.941291 0 0 6 A
1.990928 0 0 7 A
2.038422 0 0 8 A
2.052328 0 0 9 A
2.082648 0 0 10 A
2.130748 0 0 11 A
2.179425 0 0 12 A
2.203814 0 0 13 A
2.241950 0 0 14 A
2.281133 0 0 0 A
2.314574 0 0 1 A
2.350707 0 0 2 A
2.383032 0 0 3 A
2.423585 0 0 4 A
2.450608 0 0 5 A
2.466314 0 0 6 A
2.516827 0 0 7 A
2.563236 0 0 8 A
2.586691 0 0 9 A
2.625617 0 0 10 A
2.661691 0 0 11 A
2.675242 0 0 12 A
2.712912 0 0 13 A
2.748637 0 0 14 A
2.773731 0 0 0 A
2.793352 0 0 1 A
2.825056 0 0 2 A
2.842593 0 0 3 A
2.862280 0 0 4 A
2.898402 0 0 5 A
2.913777 0 0 6 A
2.935362 0 0 7 A
0.000131 5 5 5 F
0.034909 5 4 5 F
0.056362 5 3 5 F
0.098603 5 2 5 F
0.144511 5 1 5 F
0.192976 5 0 5 F
0.204470 5 14 5 F
0.241759 5 13 5 F
0.285333 5 12 5 F
0.305471 5 11 5 F
0.334705 5 10 5 F
0.373211 5 9 5 F
0.388716 5 8 5 F
0.430680 5 7 5 F
0.475837 5 6 5 F
0.515308 5 5 5 F
0.530282 5 4 5 F
0.580358 5 3 5 F
0.611465 5 2 5 F
0.642084 5 1 5 F
0.670936 5 0 5 F
0.713893 5 14 5 F
0.745296 5 13 5 F
0.763577 5 12 5 F
0.792165 5 11 5 F
0.809081 5 10 5 F
0.848627 5 9 5 F
0.876264 5 8 5 F
0.925453 5 7 5 F
0.951473 5 6 5 F
1.001500 5 5 5 F
1.036722 5 4 5 F
1.084102 5 3 5 F
1.101849 5 2 5 F
1.144186 5 1 5 F
1.159829 5 0 5 F
1.184704 5 14 5 F
1.221878 5 13 5 F
1.238623 5 12 5 F
1.276887 5 11 5 F
1.320017 5 10 5 F
1.358235 5 9 5 F
1.387117 5 8 5 F
1.401696 5 7 5 F
1.450349 5 6 5 F
1.478927 5 5 5 F
1.512678 5 4 5 F
1.540745 5 3 5 F
1.565992 5 2 5 F
1.603104 5 1 5 F
1.630523 5 0 5 F
1.676573 5 14 5 F
1.716777 5 13 5 F
1.731777 5 12 5 F
1.774415 5 11 5 F
1.799195 5 10 5 F
1.843409 5 9 5 F
1.891636 5 8 5 F
1.932123 5 7 5 F
1.949466 5 6 5 F
1.998466 5 5 5 F
2.030995 5 4 5 F
2.066414 5 3 5 F
2.107512 5 2 5 F
2.140301 5 1 5 F
2.181694 5 0 5 F
2.232503 5 14 5 F
2.271409 5 13 5 F
2.310352 5 12 5 F
2.350711 5 11 5 F
2.372389 5 10 5 F
2.399299 5 9 5 F
2.417215 5 8 5 F
2.437024 5 7 5 F
2.450682 5 6 5 F
2.487537 5 5 5 F
2.529535 5 4 5 F
2.553706 5 3 5 F
2.576021 5 2 5 F
2.616418 5 1 5 F
2.643265 5 0 5 F
2.692007 5 14 5 F
2.720607 5 13 5 F
2.760406 5 12 5 F
2.795901 5 11 5 F
2.821761 5 10 5 F
2.868743 5 9 5 F
2.879140 5 8 5 F
2.890945 5 7 5 F
2.927974 5 6 5 F
2.967681 5 5 5 F
3.015501 5 4 5 F
3.065415 5 3 5 F
3.095635 5 2 5 F
3.140157 5 1 5 F
