-1 15 15 15
0.000209 14 0 0 O
0.040349 14 1 0 O
0.053221 14 2 0 O
0.088660 14 2 1 O
0.138649 14 2 2 O
0.182749 14 2 1 O
0.207668 14 3 1 O
0.256244 14 4 1 O
0.266667 14 3 1 O
0.288004 14 4 1 O
0.335327 14 4 2 O
0.362008 14 4 1 O
0.405509 14 5 1 O
0.446830 14 5 2 O
0.463585 14 5 3 O
0.481518 14 5 2 O
0.497179 14 5 3 O
0.530972 14 6 3 O
0.000153 5 3 8 F
0.022152 5 2 8 F
0.068206 5 2 7 F
0.080040 5 3 7 F
0.124349 5 3 8 F
0.153921 5 2 8 F
0.169218 5 3 8 F
0.214098 5 3 7 F
0.229876 5 3 8 F
0.261368 5 2 8 F
0.290121 5 1 8 F
0.321431 5 0 8 F
0.350345 5 0 7 F
0.389629 5 1 7 F
0.438333 5 0 7 F
0.487859 5 1 7 F
0.535331 5 1 8 F
0.577747 5 1 9 F
0.602119 5 0 9 F
0.619005 5 0 8 F
0.662587 5 1 8 F
0.000157 8 11 10 I
0.040400 8 11 11 I
0.077920 8 12 11 I
0.115804 8 12 10 I
0.153928 8 12 11 I
0.179547 8 12 12 I
0.225511 8 12 13 I
0.245624 8 13 13 I
0.278540 8 13 12 I
0.359887 8 13 13 I
0.408704 8 14 13 I
0.420285 8 0 13 I
0.458326 8 14 13 I
0.482594 8 0 13 I
0.505548 8 14 13 I
0.532097 8 0 13 I
0.575582 8 14 13 I
0.600013 8 0 13 I
0.643467 8 0 14 I
0.682643 8 0 13 I
0.711606 8 14 13 I
0.731308 8 14 14 I
0.000131 4 6 1 E
0.035013 4 7 1 E
0.073562 4 6 1 E
0.117926 4 6 0 E
0.168079 4 6 14 E
0.204548 4 7 14 E
0.220385 4 6 14 E
0.242496 4 6 13 E
0.269894 4 6 12 E
0.310350 4 7 12 E
0.347096 4 6 12 E
0.396857 4 7 12 E
0.439418 4 8 12 E
0.478398 4 9 12 E
0.514990 4 9 13 E
0.556953 4 9 14 E
0.605380 4 9 13 E
0.621218 4 9 14 E
0.667718 4 10 14 E
0.696613 4 10 13 E
0.740097 4 10 12 E
0.758472 4 9 12 E
0.785236 4 10 12 E
0.798749 4 11 12 E
0.000167 7 13 3 H
0.042519 7 13 2 H
0.068207 7 13 3 H
0.094012 7 14 3 H
0.120067 7 14 4 H
0.153921 7 14 3 H
0.203178 7 14 4 H
0.241436 7 14 3 H
0.275304 7 0 3 H
0.317074 7 0 4 H
0.331407 7 1 4 H
0.364121 7 2 4 H
0.378986 7 2 5 H
0.418101 7 2 4 H
0.467844 7 1 4 H
0.485736 7 1 5 H
0.529866 7 1 4 H
0.546435 7 1 3 H
0.569154 7 2 3 H
0.599971 7 3 3 H
0.648819 7 2 3 H
0.692328 7 2 4 H
0.728128 7 2 3 H
0.764663 7 2 4 H
0.783893 7 3 4 H
0.812826 7 4 4 H
0.859468 7 5 4 H
0.907469 7 5 5 H
0.925208 7 6 5 H
0.949930 7 6 6 H
0.978385 7 7 6 H
1.002930 7 7 7 H
1.022187 7 6 7 H
1.044806 7 7 7 H
1.071745 7 6 7 H
1.119746 7 6 8 H
1.142339 7 5 8 H
1.175202 7 5 7 H
1.187145 7 5 8 H
1.224049 7 5 7 H
1.242135 7 5 6 H
1.264957 7 4 6 H
1.299722 7 5 6 H
1.312403 7 6 6 H
1.323569 7 6 5 H
1.367883 7 6 6 H
1.392443 7 5 6 H
1.422748 7 5 7 H
1.463989 7 6 7 H
1.474546 7 7 7 H
0.000193 11 9 13 L
0.021055 11 8 13 L
0.043623 11 9 13 L
0.092941 11 10 13 L
0.103383 11 10 12 L
0.157687 11 10 13 L
0.192406 11 9 13 L
0.227714 11 9 14 L
0.266683 11 10 14 L
0.293246 11 10 0 L
0.321392 11 10 14 L
0.367325 11 11 14 L
0.402280 11 11 0 L
0.428804 11 10 0 L
0.471070 11 11 0 L
0.513852 11 12 0 L
0.534233 11 12 14 L
0.552497 11 12 13 L
0.572414 11 12 14 L
0.609661 11 11 14 L
0.627410 11 12 14 L
0.674092 11 12 0 L
0.703842 11 13 0 L
0.752602 11 13 1 L
0.799909 11 13 2 L
0.842168 11 12 2 L
0.881679 11 11 2 L
0.917441 11 12 2 L
0.965053 11 12 3 L
0.995322 11 11 3 L
1.042648 11 12 3 L
1.090824 11 12 2 L
1.131469 11 11 2 L
1.155890 11 11 1 L
1.182745 11 10 1 L
1.215921 11 9 1 L
1.251005 11 9 2 L
1.272260 11 10 2 L
1.297448 11 11 2 L
1.321061 11 10 2 L
1.367844 11 10 3 L
1.417583 11 10 4 L
1.449458 11 11 4 L
1.467181 11 10 4 L
1.509761 11 9 4 L
1.525342 11 9 5 L
1.559799 11 10 5 L
0.000195 10 0 11 K
0.033931 10 14 11 K
0.074719 10 14 12 K
0.122182 10 14 11 K
0.145686 10 14 12 K
0.165960 10 0 12 K
0.201064 10 14 12 K
0.216266 10 13 12 K
0.278552 10 13 13 K
0.313686 10 14 13 K
0.349230 10 14 12 K
0.371566 10 14 11 K
0.401220 10 14 12 K
0.422433 10 14 11 K
0.453194 10 13 11 K
0.486798 10 12 11 K
0.528806 10 12 12 K
0.570248 10 12 11 K
0.611834 10 11 11 K
0.658451 10 12 11 K
0.685946 10 12 12 K
0.720954 10 11 12 K
0.735622 10 11 13 K
0.758394 10 11 12 K
0.769391 10 11 11 K
0.780438 10 10 11 K
0.802475 10 11 11 K
0.835379 10 11 10 K
0.880498 10 10 10 K
0.898683 10 9 10 K
0.934797 10 9 9 K
0.968769 10 9 10 K
0.998638 10 8 10 K
1.011467 10 8 11 K
1.027356 10 9 11 K
1.076911 10 8 11 K
1.109962 10 9 11 K
1.127348 10 8 11 K
1.166720 10 9 11 K
1.196606 10 8 11 K
1.238715 10 8 12 K
1.256410 10 9 12 K
1.283889 10 9 13 K
1.330243 10 8 13 K
1.361396 10 9 13 K
1.374291 10 9 14 K
1.401750 10 9 13 K
1.428228 10 9 12 K
1.455581 10 9 13 K
1.483955 10 9 14 K
1.515063 10 8 14 K
1.533692 10 8 0 K
1.557678 10 7 0 K
1.575580 10 7 14 K
1.615739 10 6 14 K
0.000072 1 1 6 B
0.015561 1 1 5 B
0.062810 1 0 5 B
0.081120 1 1 5 B
0.097122 1 0 5 B
0.142040 1 0 6 B
0.168135 1 0 5 B
0.215204 1 1 5 B
0.226621 1 1 6 B
0.273123 1 0 6 B
0.290138 1 0 7 B
0.319270 1 14 7 B
0.389644 1 0 7 B
0.413822 1 0 6 B
0.436189 1 1 6 B
0.461467 1 1 5 B
0.475259 1 2 5 B
0.516052 1 2 6 B
0.543859 1 2 7 B
0.569151 1 2 8 B
0.601103 1 2 7 B
0.628507 1 2 8 B
0.641273 1 2 7 B
0.668782 1 2 6 B
0.695552 1 2 7 B
0.709378 1 2 8 B
0.721001 1 3 8 B
0.735614 1 4 8 B
0.747419 1 5 8 B
0.781521 1 4 8 B
0.831661 1 4 7 B
0.846732 1 4 8 B
0.867481 1 3 8 B
0.882933 1 2 8 B
0.903178 1 1 8 B
0.939494 1 1 9 B
0.951361 1 1 10 B
0.971060 1 0 10 B
0.989581 1 0 11 B
1.020088 1 0 10 B
1.056346 1 0 9 B
1.097427 1 1 9 B
1.135590 1 2 9 B
1.175215 1 2 8 B
1.197716 1 1 8 B
1.226384 1 1 7 B
1.266019 1 2 7 B
1.299681 1 2 6 B
1.372167 1 1 6 B
1.393504 1 1 5 B
1.415464 1 1 4 B
1.439977 1 1 5 B
1.485152 1 1 4 B
1.502268 1 1 3 B
1.537929 1 1 2 B
1.579976 1 1 3 B
1.623394 1 1 2 B
1.635807 1 0 2 B
1.672980 1 0 3 B
1.689045 1 0 4 B
1.710873 1 0 3 B
1.748310 1 0 2 B
1.773933 1 0 3 B
0.000056 0 11 12 A
0.028508 0 11 13 A
0.065993 0 11 14 A
0.090804 0 11 13 A
0.113646 0 10 13 A
0.157675 0 9 13 A
0.183811 0 9 12 A
0.212993 0 10 12 A
0.235208 0 10 13 A
0.254122 0 11 13 A
0.278562 0 11 12 A
0.323564 0 12 12 A
0.346035 0 13 12 A
0.365204 0 12 12 A
0.403339 0 12 13 A
0.452134 0 13 13 A
0.486798 0 13 14 A
0.500380 0 13 0 A
0.512785 0 13 1 A
0.535338 0 13 2 A
0.567753 0 12 2 A
0.589405 0 12 3 A
0.621181 0 11 3 A
0.643434 0 12 3 A
0.668782 0 12 4 A
0.691267 0 12 5 A
0.706026 0 12 4 A
0.719893 0 12 3 A
0.757288 0 13 3 A
0.780514 0 14 3 A
0.821201 0 14 4 A
0.860551 0 13 4 A
0.888590 0 13 5 A
0.925957 0 14 5 A
0.973257 0 0 5 A
1.003070 0 14 5 A
1.052142 0 0 5 A
1.090355 0 0 6 A
1.123008 0 0 5 A
1.155891 0 1 5 A
1.182743 0 1 6 A
1.267080 0 1 7 A
1.290604 0 1 8 A
1.326948 0 2 8 A
1.373185 0 1 8 A
1.398628 0 0 8 A
1.444322 0 0 7 A
1.464027 0 0 6 A
1.479749 0 0 7 A
1.506543 0 0 8 A
1.542084 0 1 8 A
1.577897 0 2 8 A
1.622027 0 1 8 A
1.662449 0 0 8 A
1.693227 0 14 8 A
1.720366 0 0 8 A
1.731188 0 0 7 A
1.778138 0 1 7 A
1.810861 0 2 7 A
1.856362 0 1 7 A
1.891216 0 1 8 A
1.935793 0 0 8 A
0.000076 3 4 1 D
0.048960 3 4 2 D
0.077919 3 4 1 D
0.110505 3 5 1 D
0.147606 3 5 2 D
0.187027 3 6 2 D
0.201082 3 5 2 D
0.250985 3 5 3 D
0.279720 3 5 2 D
0.290120 3 5 3 D
0.333123 3 5 4 D
0.363070 3 5 3 D
0.402291 3 4 3 D
0.425609 3 4 4 D
0.438346 3 4 3 D
0.465724 3 4 2 D
0.516052 3 5 2 D
0.550955 3 5 3 D
0.580881 3 4 3 D
0.601142 3 4 4 D
0.639124 3 4 5 D
0.688101 3 4 6 D
0.728127 3 4 5 D
0.738955 3 3 5 D
0.762496 3 2 5 D
0.783920 3 2 4 D
0.801091 3 2 5 D
0.821238 3 3 5 D
0.845651 3 3 6 D
0.862755 3 3 5 D
0.892178 3 2 5 D
0.937024 3 1 5 D
0.965017 3 1 6 D
0.995360 3 2 6 D
1.018976 3 1 6 D
1.053120 3 1 5 D
1.069580 3 1 6 D
1.107708 3 2 6 D
1.136697 3 1 6 D
1.181691 3 2 6 D
1.231733 3 3 6 D
1.267081 3 2 6 D
1.293789 3 1 6 D
1.325777 3 1 7 D
1.338676 3 1 6 D
1.372125 3 0 6 D
1.386765 3 0 7 D
1.402857 3 0 6 D
1.415775 3 0 7 D
1.444285 3 1 7 D
1.493725 3 1 8 D
1.533691 3 1 7 D
1.573370 3 1 6 D
1.595393 3 1 5 D
1.641414 3 1 4 D
1.672931 3 1 5 D
1.706657 3 2 5 D
1.752635 3 2 4 D
1.798203 3 1 4 D
1.843510 3 1 3 D
1.871543 3 1 4 D
1.922032 3 1 3 D
1.940589 3 0 3 D
1.960867 3 0 4 D
1.980751 3 0 5 D
2.011101 3 1 5 D
2.051827 3 0 5 D
2.080909 3 0 4 D
2.115806 3 14 4 D
0.000195 12 7 6 M
0.045741 12 6 6 M
0.076803 12 6 7 M
0.098184 12 6 6 M
0.143784 12 6 5 M
0.162819 12 5 5 M
0.188159 12 5 4 M
0.236268 12 5 3 M
0.250975 12 6 3 M
0.262451 12 6 4 M
0.284884 12 6 5 M
0.308010 12 5 5 M
0.327804 12 4 5 M
0.347438 12 3 5 M
0.367325 12 3 4 M
0.383243 12 3 3 M
0.421372 12 3 2 M
0.466784 12 3 1 M
0.513905 12 2 1 M
0.564271 12 1 1 M
0.583120 12 1 0 M
0.598863 12 1 14 M
0.621184 12 1 0 M
0.668780 12 0 0 M
0.717732 12 0 1 M
0.752600 12 14 1 M
0.780511 12 14 2 M
0.819003 12 0 2 M
0.841089 12 0 3 M
0.884044 12 1 3 M
0.899848 12 2 3 M
0.922984 12 3 3 M
0.957711 12 3 4 M
0.996383 12 4 4 M
1.040479 12 3 4 M
1.085121 12 2 4 M
1.121904 12 2 5 M
1.182773 12 1 5 M
1.195446 12 2 5 M
1.236403 12 3 5 M
1.274383 12 2 5 M
1.286434 12 3 5 M
1.303404 12 3 4 M
1.323564 12 4 4 M
1.349456 12 3 4 M
1.368907 12 4 4 M
1.391362 12 3 4 M
1.406163 12 3 3 M
1.439976 12 2 3 M
1.465101 12 2 4 M
1.514993 12 2 3 M
1.550369 12 3 3 M
1.577767 12 2 3 M
1.599677 12 3 3 M
1.610107 12 2 3 M
1.655800 12 2 2 M
1.681365 12 1 2 M
1.704475 12 1 3 M
1.737554 12 2 3 M
1.768820 12 3 3 M
1.793739 12 3 2 M
1.834985 12 4 2 M
1.855276 12 5 2 M
1.897727 12 5 3 M
1.945891 12 5 2 M
1.994478 12 4 2 M
2.043794 12 4 3 M
2.058765 12 4 2 M
2.104475 12 3 2 M
2.124108 12 2 2 M
2.173038 12 3 2 M
2.185389 12 3 1 M
0.000074 2 13 2 C
0.041459 2 13 3 C
0.068249 2 13 2 C
0.099260 2 13 1 C
0.128670 2 12 1 C
0.171336 2 12 2 C
0.195672 2 11 2 C
0.225549 2 10 2 C
0.264533 2 9 2 C
0.291184 2 9 3 C
0.339622 2 9 4 C
0.385365 2 9 5 C
0.399051 2 10 5 C
0.417040 2 10 4 C
0.451072 2 9 4 C
0.485737 2 8 4 C
0.518180 2 8 3 C
0.565441 2 8 4 C
0.610727 2 7 4 C
0.657308 2 7 5 C
0.694492 2 7 6 C
0.736706 2 7 7 C
0.756143 2 6 7 C
0.801018 2 6 8 C
0.822267 2 5 8 C
0.837607 2 5 9 C
0.877181 2 5 10 C
0.914083 2 4 10 C
0.925781 2 3 10 C
0.969919 2 3 9 C
0.989536 2 3 10 C
1.018977 2 3 9 C
1.054181 2 4 9 C
1.067457 2 4 10 C
1.081033 2 5 10 C
1.098495 2 5 9 C
1.112296 2 6 9 C
1.124069 2 6 10 C
1.165661 2 6 9 C
1.212424 2 5 9 C
1.254241 2 4 9 C
1.297443 2 3 9 C
1.330279 2 3 8 C
1.360285 2 3 7 C
1.392442 2 3 8 C
1.424867 2 3 7 C
1.472427 2 4 7 C
1.517135 2 4 8 C
1.528531 2 4 7 C
1.563280 2 3 7 C
1.577900 2 3 6 C
1.589722 2 3 7 C
1.636956 2 2 7 C
1.681362 2 2 6 C
1.752651 2 2 5 C
1.768782 2 3 5 C
1.808500 2 4 5 C
1.818756 2 4 4 C
1.859726 2 5 4 C
1.885007 2 5 5 C
1.925542 2 5 4 C
1.941684 2 5 5 C
1.973242 2 4 5 C
1.999419 2 5 5 C
2.012367 2 5 4 C
2.057589 2 6 4 C
2.089150 2 6 5 C
2.102368 2 6 6 C
2.124157 2 7 6 C
2.150993 2 6 6 C
2.179201 2 7 6 C
2.194676 2 6 6 C
2.232894 2 5 6 C
2.245617 2 6 6 C
2.262759 2 6 5 C
2.290459 2 6 6 C
2.316356 2 5 6 C
2.366546 2 6 6 C
2.403797 2 6 5 C
2.424516 2 6 6 C
2.442994 2 6 7 C
2.489569 2 6 6 C
2.534301 2 7 6 C
2.554517 2 6 6 C
0.000207 13 11 8 N
0.032806 13 11 7 N
0.073562 13 11 6 N
0.097123 13 12 6 N
0.136733 13 12 5 N
0.153932 13 13 5 N
0.179544 13 13 4 N
0.210830 13 13 3 N
0.232995 13 13 2 N
0.269937 13 12 2 N
0.285305 13 12 3 N
0.333123 13 12 4 N
0.381122 13 11 4 N
0.426678 13 12 4 N
0.469995 13 11 4 N
0.495016 13 10 4 N
0.511716 13 11 4 N
0.523483 13 12 4 N
0.544945 13 11 4 N
0.567756 13 10 4 N
0.587242 13 9 4 N
0.608593 13 9 3 N
0.646677 13 10 3 N
0.658413 13 10 2 N
0.706234 13 11 2 N
0.730248 13 10 2 N
0.755050 13 10 1 N
0.794353 13 11 1 N
0.820078 13 11 0 N
0.833996 13 12 0 N
0.860553 13 12 1 N
0.898687 13 12 0 N
0.925863 13 12 1 N
0.966452 13 11 1 N
0.998594 13 11 2 N
1.012611 13 11 1 N
1.052104 13 12 1 N
1.086181 13 12 0 N
1.126243 13 11 0 N
1.163509 13 11 14 N
1.207056 13 11 13 N
1.251003 13 12 13 N
1.272261 13 11 13 N
1.314583 13 11 12 N
1.352749 13 11 11 N
1.375352 13 12 11 N
1.405022 13 12 12 N
1.432512 13 12 13 N
1.458823 13 11 13 N
1.498938 13 12 13 N
1.546198 13 12 12 N
1.569843 13 12 13 N
1.599585 13 12 12 N
1.611508 13 11 12 N
1.627582 13 11 11 N
1.647918 13 12 11 N
1.660083 13 11 11 N
1.683620 13 11 10 N
1.721543 13 11 11 N
1.767715 13 12 11 N
1.781429 13 11 11 N
1.815627 13 11 12 N
1.862280 13 12 12 N
1.898949 13 11 12 N
1.911164 13 11 11 N
1.955664 13 11 10 N
1.981892 13 11 11 N
2.011150 13 12 11 N
2.032950 13 12 12 N
2.046486 13 12 13 N
2.072651 13 13 13 N
2.089147 13 13 14 N
2.132332 13 13 13 N
2.179200 13 13 14 N
2.226292 13 13 0 N
2.257844 13 12 0 N
2.294940 13 11 0 N
2.344365 13 11 14 N
2.385997 13 11 0 N
2.420154 13 12 0 N
2.453466 13 11 0 N
2.480401 13 10 0 N
2.509950 13 11 0 N
2.538826 13 11 1 N
2.581843 13 10 1 N
2.593208 13 10 0 N
2.629421 13 10 14 N
2.656595 13 10 13 N
2.668947 13 10 12 N
2.697325 13 10 13 N
2.728245 13 9 13 N
2.756955 13 9 14 N
0.000160 9 14 13 J
0.027445 9 14 12 J
0.074672 9 0 12 J
0.114723 9 1 12 J
0.126535 9 1 13 J
0.145672 9 0 13 J
0.201084 9 0 12 J
0.234100 9 14 12 J
0.255183 9 14 13 J
0.314719 9 13 13 J
0.366264 9 13 12 J
0.408713 9 13 13 J
0.452123 9 12 13 J
0.472120 9 12 12 J
0.529866 9 12 11 J
0.570218 9 12 12 J
0.611871 9 12 11 J
0.657309 9 12 12 J
0.684854 9 12 13 J
0.697717 9 13 13 J
0.710501 9 13 12 J
0.735623 9 12 12 J
0.778782 9 13 12 J
0.803630 9 14 12 J
0.853991 9 14 11 J
0.866349 9 0 11 J
0.900958 9 0 12 J
0.911915 9 0 11 J
0.946313 9 1 11 J
1.021126 9 0 11 J
1.069579 9 14 11 J
1.086219 9 13 11 J
1.112290 9 13 10 J
1.161394 9 14 10 J
1.194384 9 13 10 J
1.233937 9 14 10 J
1.264956 9 14 9 J
1.309879 9 14 8 J
1.326885 9 0 8 J
1.338736 9 1 8 J
1.372165 9 2 8 J
1.388060 9 2 7 J
1.411303 9 2 8 J
1.457763 9 2 9 J
1.469307 9 3 9 J
1.480841 9 4 9 J
1.501146 9 4 10 J
1.515067 9 5 10 J
1.535811 9 4 10 J
1.555514 9 5 10 J
1.595350 9 6 10 J
1.636998 9 5 10 J
1.669736 9 5 9 J
1.710951 9 5 10 J
1.746086 9 5 9 J
1.786631 9 4 9 J
1.829263 9 4 8 J
1.855272 9 5 8 J
1.880755 9 5 7 J
1.918602 9 6 7 J
1.960862 9 6 8 J
2.010994 9 6 7 J
2.028769 9 5 7 J
2.041586 9 6 7 J
2.058809 9 7 7 J
2.089153 9 8 7 J
2.106640 9 8 8 J
2.151015 9 8 7 J
2.197902 9 8 8 J
2.244471 9 7 8 J
2.269464 9 6 8 J
2.282075 9 6 7 J
2.318819 9 6 6 J
2.365483 9 5 6 J
2.378762 9 5 7 J
2.406477 9 5 6 J
2.442996 9 6 6 J
2.488485 9 7 6 J
2.531576 9 7 7 J
2.578454 9 6 7 J
2.617183 9 7 7 J
2.654377 9 6 7 J
2.703749 9 6 6 J
2.745733 9 5 6 J
2.768342 9 5 7 J
2.817509 9 5 8 J
2.848135 9 5 7 J
2.876337 9 5 6 J
2.900176 9 5 7 J
2.940699 9 4 7 J
2.969906 9 4 6 J
2.980328 9 4 5 J
0.000129 6 11 0 G
0.046840 6 11 14 G
0.066036 6 11 13 G
0.089773 6 11 12 G
0.126537 6 11 11 G
0.153929 6 10 11 G
0.198901 6 11 11 G
0.216265 6 11 10 G
0.261367 6 11 11 G
0.277465 6 11 10 G
0.300370 6 12 10 G
0.311393 6 12 11 G
0.350345 6 13 11 G
0.401260 6 13 12 G
0.428812 6 13 11 G
0.453183 6 13 10 G
0.498260 6 14 10 G
0.526686 6 14 9 G
0.575584 6 14 8 G
0.600012 6 14 7 G
0.644539 6 14 8 G
0.683760 6 14 9 G
0.697755 6 0 9 G
0.734523 6 0 10 G
0.753887 6 14 10 G
0.790988 6 14 9 G
0.818964 6 14 10 G
0.863910 6 13 10 G
0.909655 6 13 9 G
0.922978 6 13 10 G
0.941761 6 14 10 G
0.952538 6 14 11 G
0.978387 6 14 10 G
0.994213 6 13 10 G
1.011468 6 14 10 G
1.047982 6 14 11 G
1.068519 6 14 12 G
1.114529 6 14 13 G
1.142325 6 14 14 G
1.181658 6 0 14 G
1.194442 6 0 0 G
1.225140 6 1 0 G
1.245599 6 1 14 G
1.294901 6 0 14 G
1.329154 6 14 14 G
1.372163 6 0 14 G
1.389199 6 1 14 G
1.406125 6 2 14 G
1.427122 6 2 13 G
1.443181 6 2 14 G
1.468241 6 2 0 G
1.505450 6 2 1 G
1.549311 6 1 1 G
1.567639 6 0 1 G
1.588610 6 14 1 G
1.623461 6 14 0 G
1.672977 6 14 1 G
1.720361 6 13 1 G
1.733312 6 13 2 G
1.768823 6 13 1 G
1.780336 6 14 1 G
1.830431 6 13 1 G
1.849080 6 13 0 G
1.897820 6 13 14 G
1.939185 6 13 0 G
1.950479 6 13 1 G
2.000590 6 13 2 G
2.039397 6 13 1 G
2.069155 6 14 1 G
2.102347 6 14 2 G
2.136499 6 0 2 G
2.185427 6 0 1 G
2.229601 6 0 0 G
2.276876 6 14 0 G
2.289347 6 0 0 G
2.322402 6 1 0 G
2.340527 6 1 14 G
2.360131 6 0 14 G
2.400513 6 0 0 G
2.411711 6 1 0 G
2.425602 6 1 1 G
2.475644 6 1 0 G
2.502819 6 0 0 G
2.529411 6 14 0 G
2.559941 6 14 1 G
2.607699 6 0 1 G
2.621663 6 1 1 G
2.647746 6 1 0 G
2.671536 6 2 0 G
2.694896 6 1 0 G
2.732510 6 1 1 G
2.772874 6 1 0 G
2.799066 6 0 0 G
2.837821 6 0 1 G
2.880821 6 14 1 G
2.929453 6 14 2 G
2.976058 6 14 1 G
2.995721 6 0 1 G
