-1  15  15  15
 0.000000000  2  8  4  C
 0.001499485  2  8  5  C
 0.016083275  2  7  5  C
 0.043824387  2  8  5  C
 0.093184484  2  8  6  C
 0.128331025  2  8  7  C
 0.160791896  2  8  6  C
 0.209821712  2  9  6  C
 0.231896200  2  10  6  C
 0.275384777  2  9  6  C
 0.305195254  2  9  5  C
 0.352149915  2  8  5  C
 0.000000000  6  11  3  G
 0.001624028  6  11  2  G
 0.022175448  6  10  2  G
 0.047142455  6  11  2  G
 0.061614435  6  11  1  G
 0.075654194  6  12  1  G
 0.114674094  6  12  0  G
 0.130605293  6  11  0  G
 0.144140936  6  11  1  G
 0.177826656  6  12  1  G
 0.207107007  6  11  1  G
 0.255187091  6  11  0  G
 0.303905353  6  11  14  G
 0.336649785  6  11  0  G
 0.351216624  6  11  14  G
 0.398583790  6  10  14  G
 0.000000000  14  0  11  O
 0.001766295  14  14  11  O
 0.012411864  14  14  12  O
 0.046172945  14  0  12  O
 0.058988356  14  0  11  O
 0.090112228  14  1  11  O
 0.111401021  14  0  11  O
 0.138128462  14  14  11  O
 0.186538145  14  14  10  O
 0.235036384  14  14  9  O
 0.279544664  14  14  8  O
 0.312920692  14  13  8  O
 0.344530445  14  14  8  O
 0.358172668  14  0  8  O
 0.372901150  14  0  7  O
 0.421004087  14  0  8  O
 0.466093558  14  0  9  O
 0.000000000  5  10  11  F
 0.001610313  5  11  11  F
 0.048724654  5  12  11  F
 0.063656117  5  11  11  F
 0.110329220  5  11  12  F
 0.139050082  5  11  13  F
 0.157239419  5  11  12  F
 0.198697104  5  11  11  F
 0.242255292  5  12  11  F
 0.262211344  5  13  11  F
 0.292880191  5  12  11  F
 0.323794710  5  13  11  F
 0.360902882  5  14  11  F
 0.404983480  5  0  11  F
 0.443980408  5  1  11  F
 0.491898007  5  1  10  F
 0.517820036  5  2  10  F
 0.000000000  7  0  5  H
 0.001637333  7  1  5  H
 0.015970032  7  1  4  H
 0.049033784  7  1  5  H
 0.094552291  7  2  5  H
 0.140427397  7  2  6  H
 0.179788367  7  1  6  H
 0.211871409  7  2  6  H
 0.248342877  7  2  5  H
 0.259744815  7  2  6  H
 0.296637633  7  2  7  H
 0.324500735  7  2  8  H
 0.366066163  7  2  9  H
 0.383598086  7  2  10  H
 0.397432158  7  1  10  H
 0.413468925  7  0  10  H
 0.434119100  7  0  11  H
 0.492296164  7  0  10  H
 0.507733716  7  1  10  H
 0.000000000  13  13  11  N
 0.001754734  13  13  12  N
 0.048352906  13  12  12  N
 0.075646549  13  12  11  N
 0.125358035  13  12  10  N
 0.169608643  13  11  10  N
 0.201711191  13  12  10  N
 0.223032595  13  11  10  N
 0.233646175  13  11  11  N
 0.262299670  13  10  11  N
 0.287561490  13  11  11  N
 0.331524677  13  11  12  N
 0.366086801  13  12  12  N
 0.397629138  13  12  13  N
 0.419762757  13  12  12  N
 0.432735544  13  12  13  N
 0.468928298  13  11  13  N
 0.506757204  13  10  13  N
 0.524805866  13  10  13  n
 0.000000000  12  12  6  M
 0.001742070  12  12  5  M
 0.038750475  12  11  5  M
 0.075649976  12  11  6  M
 0.088102446  12  10  6  M
 0.106124719  12  10  5  M
 0.141226226  12  10  6  M
 0.186666536  12  10  5  M
 0.235169313  12  11  5  M
 0.246294863  12  11  4  M
 0.286226694  12  11  3  M
 0.321090495  12  10  3  M
 0.366830908  12  9  3  M
 0.404881208  12  9  4  M
 0.443601266  12  10  4  M
 0.471850994  12  10  5  M
 0.512305777  12  9  5  M
 0.523123108  12  9  5  m
 0.000000000  8  12  4  I
 0.001673351  8  12  3  I
 0.022274384  8  11  3  I
 0.069684650  8  10  3  I
 0.092227417  8  11  3  I
 0.121996026  8  10  3  I
 0.159067269  8  10  2  I
 0.188989255  8  11  2  I
 0.233632359  8  10  2  I
 0.249645782  8  10  1  I
 0.266647419  8  11  1  I
 0.304818647  8  12  1  I
 0.320114252  8  12  0  I
 0.368694195  8  12  1  I
 0.385613839  8  12  2  I
 0.398717982  8  11  2  I
 0.421685606  8  12  2  I
 0.439810382  8  12  3  I
 0.472519458  8  11  3  I
 0.503759438  8  12  3  I
 0.532341298  8  12  2  I
 0.573480226  8  12  1  I
 0.612794569  8  13  1  I
 0.633079498  8  14  1  I
 0.649952404  8  0  1  I
 0.680703416  8  1  1  I
 0.000000000  9  1  7  J
 0.001688960  9  0  7  J
 0.036113076  9  0  6  J
 0.048523737  9  14  6  J
 0.069678799  9  14  5  J
 0.086725682  9  14  6  J
 0.102820819  9  13  6  J
 0.119655042  9  13  5  J
 0.156051760  9  13  6  J
 0.181463020  9  13  5  J
 0.214240505  9  14  5  J
 0.232766714  9  0  5  J
 0.273585520  9  0  6  J
 0.312206933  9  0  5  J
 0.353160502  9  0  4  J
 0.391049350  9  14  4  J
 0.418618319  9  14  5  J
 0.438596654  9  14  4  J
 0.464730741  9  13  4  J
 0.486127567  9  13  5  J
 0.524805806  9  14  5  J
 0.545394235  9  13  5  J
 0.574935066  9  12  5  J
 0.585956150  9  12  4  J
 0.604354399  9  11  4  J
 0.636638277  9  10  4  J
 0.682083276  9  10  5  J
 0.725732193  9  10  5  j
 0.000000000  3  0  10  D
 0.001546743  3  0  9  D
 0.025046997  3  0  8  D
 0.040273524  3  14  8  D
 0.067692712  3  14  7  D
 0.089946126  3  0  7  D
 0.105994936  3  0  8  D
 0.119029729  3  14  8  D
 0.156051820  3  13  8  D
 0.183113347  3  13  7  D
 0.204727662  3  14  7  D
 0.235084905  3  14  8  D
 0.271387686  3  13  8  D
 0.312812579  3  13  7  D
 0.333022929  3  13  6  D
 0.372914515  3  13  7  D
 0.422925423  3  14  7  D
 0.447087539  3  13  7  D
 0.462058486  3  13  6  D
 0.510391995  3  13  7  D
 0.547062827  3  13  8  D
 0.567305898  3  12  8  D
 0.588318884  3  12  9  D
 0.614894730  3  12  8  D
 0.626599136  3  11  8  D
 0.667719919  3  11  7  D
 0.685124503  3  12  7  D
 0.697378190  3  13  7  D
 0.718293813  3  14  7  D
 0.729843239  3  13  7  D
 0.770351362  3  14  7  D
 0.784471432  3  0  7  D
 0.808815981  3  0  8  D
 0.854815710  3  0  8  d
 0.000000000  4  8  6  E
 0.001592149  4  7  6  E
 0.035917549  4  7  7  E
 0.081701754  4  7  8  E
 0.114122920  4  7  9  E
 0.126765286  4  7  8  E
 0.150149482  4  6  8  E
 0.179616986  4  6  7  E
 0.194475752  4  5  7  E
 0.215627979  4  4  7  E
 0.238464247  4  4  6  E
 0.279531630  4  3  6  E
 0.304993114  4  3  5  E
 0.326844604  4  3  4  E
 0.345459168  4  2  4  E
 0.369867046  4  2  5  E
 0.399145313  4  1  5  E
 0.409497632  4  1  6  E
 0.435974623  4  1  5  E
 0.455766908  4  1  6  E
 0.502570387  4  0  6  E
 0.520371344  4  1  6  E
 0.562516810  4  1  7  E
 0.603907289  4  1  6  E
 0.629338026  4  1  7  E
 0.671788485  4  1  8  E
 0.713184003  4  0  8  E
 0.745831305  4  1  8  E
 0.762067365  4  1  7  E
 0.797911906  4  1  6  E
 0.819404062  4  1  7  E
 0.857557807  4  0  7  E
 0.899812989  4  1  7  E
 0.915464553  4  1  8  E
 0.943983906  4  1  9  E
 0.991894472  4  1  9  e
 0.000000000  0  4  13  A
 0.001465551  0  3  13  A
 0.022876754  0  4  13  A
 0.063656998  0  4  12  A
 0.097297112  0  5  12  A
 0.134656386  0  5  11  A
 0.172633329  0  5  10  A
 0.185199783  0  6  10  A
 0.230203724  0  6  11  A
 0.274235380  0  6  12  A
 0.303711689  0  5  12  A
 0.330487821  0  6  12  A
 0.356932711  0  6  13  A
 0.406276096  0  6  12  A
 0.444055238  0  6  13  A
 0.471006208  0  6  12  A
 0.520398825  0  7  12  A
 0.559816252  0  7  11  A
 0.601717460  0  7  10  A
 0.635262074  0  7  11  A
 0.646440543  0  7  10  A
 0.659399815  0  8  10  A
 0.697792929  0  8  11  A
 0.719290053  0  8  12  A
 0.734543941  0  8  13  A
 0.759190737  0  8  12  A
 0.787733444  0  9  12  A
 0.819219816  0  10  12  A
 0.857042099  0  9  12  A
 0.887635264  0  10  12  A
 0.926635007  0  9  12  A
 0.975481068  0  8  12  A
 1.025036471  0  8  11  A
 1.069179666  0  8  12  A
 1.103453730  0  8  13  A
 1.128113320  0  7  13  A
 1.161951185  0  8  13  A
 1.179489560  0  8  14  A
 1.204306164  0  9  14  A
 1.244264065  0  9  0  A
 1.278085198  0  10  0  A
 0.000000000  11  1  10  L
 0.001728635  11  1  9  L
 0.038496579  11  1  8  L
 0.077780705  11  1  7  L
 0.103106495  11  0  7  L
 0.151347952  11  0  6  L
 0.175562977  11  1  6  L
 0.193306197  11  2  6  L
 0.210949940  11  3  6  L
 0.245969031  11  4  6  L
 0.305375201  11  5  6  L
 0.320038981  11  5  5  L
 0.343896806  11  5  4  L
 0.392514519  11  4  4  L
 0.424461626  11  5  4  L
 0.445882077  11  4  4  L
 0.478063382  11  4  5  L
 0.507929083  11  4  6  L
 0.547675707  11  5  6  L
 0.560131794  11  5  7  L
 0.603604341  11  5  6  L
 0.622096015  11  5  7  L
 0.663327877  11  4  7  L
 0.702600231  11  4  8  L
 0.723425935  11  4  9  L
 0.750489156  11  3  9  L
 0.769522737  11  2  9  L
 0.792313129  11  3  9  L
 0.807857532  11  3  8  L
 0.851938701  11  4  8  L
 0.874804154  11  4  7  L
 0.900481333  11  3  7  L
 0.918441279  11  3  8  L
 0.959795280  11  4  8  L
 0.982139224  11  4  7  L
 0.993135010  11  3  7  L
 1.007633851  11  3  6  L
 1.046357776  11  4  6  L
 1.095110602  11  3  6  L
 1.111929146  11  2  6  L
 1.126458103  11  2  5  L
 1.173180569  11  1  5  L
 1.196387843  11  0  5  L
 1.206860067  11  1  5  L
 1.221377462  11  1  6  L
 1.232609051  11  0  6  L
 1.271803840  11  0  7  L
 1.299930677  11  14  7  L
 1.310407008  11  0  7  L
 1.333323286  11  0  7  l
 0.000000000  10  5  1  K
 0.001710731  10  5  0  K
 0.020321879  10  5  1  K
 0.061614034  10  5  2  K
 0.087224228  10  5  1  K
 0.132860856  10  6  1  K
 0.168103357  10  5  1  K
 0.181620786  10  6  1  K
 0.195826036  10  6  2  K
 0.224147347  10  5  2  K
 0.255336602  10  4  2  K
 0.265689562  10  3  2  K
 0.292520637  10  2  2  K
 0.322733328  10  3  2  K
 0.341621136  10  3  1  K
 0.371233260  10  3  2  K
 0.409363881  10  3  3  K
 0.440164576  10  4  3  K
 0.467810390  10  4  2  K
 0.492370263  10  4  1  K
 0.538269264  10  4  2  K
 0.567797431  10  5  2  K
 0.583575812  10  5  1  K
 0.601459926  10  5  2  K
 0.640248593  10  5  3  K
 0.654724560  10  6  3  K
 0.680371092  10  6  2  K
 0.702360160  10  5  2  K
 0.752602602  10  6  2  K
 0.773893039  10  6  3  K
 0.810329842  10  7  3  K
 0.858801932  10  8  3  K
 0.878802868  10  8  2  K
 0.922295954  10  8  3  K
 0.933345761  10  7  3  K
 0.976774456  10  7  2  K
 1.015334012  10  8  2  K
 1.054193902  10  8  1  K
 1.095284288  10  8  2  K
 1.138669641  10  8  1  K
 1.177818664  10  7  1  K
 1.212815113  10  7  2  K
 1.230440090  10  7  1  K
 1.270776311  10  7  0  K
 1.303535883  10  7  14  K
 1.326186713  10  8  14  K
 1.373684934  10  9  14  K
 1.395792184  10  9  13  K
 1.413505768  10  8  13  K
 1.424973440  10  8  14  K
 1.445099120  10  8  0  K
 1.471381906  10  9  0  K
 1.504246224  10  9  14  K
 1.550457852  10  9  14  k
 0.000000000  1  4  14  B
 0.001483004  1  3  14  B
 0.026537384  1  4  14  B
 0.069684701  1  4  13  B
 0.097564864  1  5  13  B
 0.143125100  1  5  12  B
 0.173159387  1  5  11  B
 0.186371282  1  6  11  B
 0.213398555  1  6  10  B
 0.275140629  1  7  10  B
 0.308147434  1  7  9  B
 0.330348650  1  7  8  B
 0.350126448  1  8  8  B
 0.399787900  1  9  8  B
 0.441795557  1  10  8  B
 0.479447190  1  10  9  B
 0.521975214  1  9  9  B
 0.556903676  1  10  9  B
 0.587567905  1  9  9  B
 0.605630053  1  10  9  B
 0.632376849  1  10  10  B
 0.648032892  1  9  10  B
 0.658553386  1  9  9  B
 0.683292325  1  8  9  B
 0.701623788  1  7  9  B
 0.742171576  1  7  8  B
 0.784358520  1  8  8  B
 0.798862751  1  7  8  B
 0.830039051  1  7  9  B
 0.873144679  1  7  10  B
 0.919471523  1  8  10  B
 0.931539221  1  9  10  B
 0.965877515  1  9  9  B
 0.996014214  1  9  8  B
 1.044388490  1  8  8  B
 1.086220508  1  9  8  B
 1.104268539  1  9  9  B
 1.123579641  1  10  9  B
 1.173332895  1  11  9  B
 1.202832869  1  11  8  B
 1.251424072  1  11  9  B
 1.297031526  1  11  10  B
 1.336264285  1  12  10  B
 1.368133656  1  12  9  B
 1.405200882  1  11  9  B
 1.422522871  1  11  10  B
 1.466069376  1  12  10  B
 1.477836490  1  12  11  B
 1.509370431  1  13  11  B
 1.522283486  1  14  11  B
 1.537416446  1  14  12  B
 1.568619997  1  14  13  B
 1.615156344  1  0  13  B
 1.638157341  1  0  12  B
 1.677710993  1  0  11  B
 1.706505132  1  1  11  B
 1.717887083  1  0  11  B
 1.747179557  1  1  11  B
 1.768191852  1  1  12  B
 1.813145859  1  1  11  B
 1.862177008  1  0  11  B
