-1  15  15  15
 0.000000000  8  8  8  I
 0.001682267  8  8  7  I
 0.043890531  8  8  6  I
 0.076860457  8  8  5  I
 0.098066716  8  8  4  I
 0.110685037  8  8  3  I
 0.132667903  8  8  2  I
 0.161326698  8  8  1  I
 0.182764612  8  8  0  I
 0.209282790  8  8  14  I
 0.230955263  8  8  13  I
 0.246198781  8  8  12  I
 0.285386437  8  8  11  I
 0.000000000  14  14  14  O
 0.001784398  14  14  13  O
 0.011930781  14  14  12  O
 0.039413408  14  14  11  O
 0.073798881  14  14  10  O
 0.088580653  14  14  9  O
 0.137195310  14  14  8  O
 0.160625843  14  14  7  O
 0.172960612  14  14  6  O
 0.187757101  14  14  5  O
 0.217266924  14  14  4  O
 0.247609188  14  14  3  O
 0.262927056  14  14  2  O
 0.294728289  14  14  1  O
 0.312520460  14  14  0  O
 0.000000000  11  11  11  L
 0.001724306  11  12  11  L
 0.021910811  11  13  11  L
 0.039838787  11  14  11  L
 0.052299643  11  0  11  L
 0.073798550  11  1  11  L
 0.085973440  11  2  11  L
 0.125741203  11  3  11  L
 0.159832985  11  4  11  L
 0.200438701  11  5  11  L
 0.216136502  11  6  11  L
 0.228240128  11  7  11  L
 0.243956764  11  8  11  L
 0.258227446  11  9  11  L
 0.283677870  11  10  11  L
 0.312675792  11  11  11  L
 0.350367430  11  12  11  L
 0.383761181  11  13  11  L
 0.402768273  11  14  11  L
 0.420128553  11  0  11  L
 0.439732204  11  1  11  L
 0.474545449  11  2  11  L
 0.487248300  11  3  11  L
 0.533271153  11  4  11  L
 0.571306565  11  5  11  L
 0.586674476  11  6  11  L
 0.597443657  11  7  11  L
 0.642361096  11  7  11  l
 0.000000000  3  3  3  D
 0.001598299  3  4  3  D
 0.020092308  3  5  3  D
 0.036811525  3  6  3  D
 0.077672401  3  7  3  D
 0.113025319  3  8  3  D
 0.161659683  3  9  3  D
 0.200280064  3  10  3  D
 0.235672466  3  11  3  D
 0.260528535  3  12  3  D
 0.282807677  3  13  3  D
 0.306223663  3  14  3  D
 0.321223313  3  0  3  D
 0.345582820  3  1  3  D
 0.361743299  3  2  3  D
 0.396326874  3  3  3  D
 0.438196041  3  4  3  D
 0.477493061  3  5  3  D
 0.504806913  3  6  3  D
 0.526077732  3  7  3  D
 0.576278976  3  8  3  D
 0.620032010  3  9  3  D
 0.646804515  3  10  3  D
 0.687445398  3  11  3  D
 0.714507346  3  12  3  D
 0.761393900  3  13  3  D
 0.777465071  3  14  3  D
 0.802133778  3  0  3  D
 0.835785394  3  1  3  D
 0.868974721  3  2  3  D
 0.879368348  3  3  3  D
 0.899004700  3  4  3  D
 0.946469499  3  5  3  D
 0.989069228  3  6  3  D
 1.030361433  3  7  3  D
 1.045931454  3  8  3  D
 1.086767572  3  9  3  D
 1.119586425  3  10  3  D
 1.144873673  3  11  3  D
 0.000000000  2  2  2  C
 0.001583712  2  2  3  C
 0.033960595  2  2  4  C
 0.066102647  2  2  5  C
 0.088407067  2  2  6  C
 0.111002413  2  2  7  C
 0.143594850  2  2  8  C
 0.167343079  2  2  9  C
 0.179411529  2  2  10  C
 0.190483869  2  2  11  C
 0.238103519  2  2  12  C
 0.286051265  2  2  13  C
 0.303958041  2  2  14  C
 0.334479131  2  2  0  C
 0.370677877  2  2  1  C
 0.417423216  2  2  2  C
 0.440484776  2  2  3  C
 0.487288836  2  2  4  C
 0.535580977  2  2  5  C
 0.549240743  2  2  6  C
 0.581899616  2  2  7  C
 0.608664025  2  2  8  C
 0.656718521  2  2  9  C
 0.670889947  2  2  10  C
 0.684689385  2  2  11  C
 0.733874874  2  2  12  C
 0.748807208  2  2  13  C
 0.766994220  2  2  14  C
 0.782840129  2  2  0  C
 0.807434626  2  2  1  C
 0.843539266  2  2  2  C
 0.872120585  2  2  3  C
 0.918896021  2  2  4  C
 0.939166764  2  2  5  C
 0.968058055  2  2  6  C
 0.997470195  2  2  7  C
 1.040512825  2  2  8  C
 1.089296368  2  2  9  C
 1.118269203  2  2  10  C
 1.147068783  2  2  11  C
 1.186105214  2  2  12  C
 1.230938945  2  2  13  C
 1.245410304  2  2  14  C
 1.267339801  2  2  0  C
 0.000000000  0  0  0  A
 0.001546111  0  0  1  A
 0.035150779  0  0  2  A
 0.084819384  0  0  3  A
 0.110921461  0  0  4  A
 0.133268831  0  0  5  A
 0.176413973  0  0  6  A
 0.215494768  0  0  7  A
 0.279892296  0  0  8  A
 0.314537285  0  0  9  A
 0.335326852  0  0  10  A
 0.349952952  0  0  11  A
 0.396578186  0  0  12  A
 0.422291813  0  0  13  A
 0.448005160  0  0  14  A
 0.484487969  0  0  0  A
 0.496239564  0  0  1  A
 0.532944890  0  0  2  A
 0.547863068  0  0  3  A
 0.568275757  0  0  4  A
 0.586356730  0  0  5  A
 0.622053123  0  0  6  A
 0.671331246  0  0  7  A
 0.710944510  0  0  8  A
 0.736178337  0  0  9  A
 0.758839095  0  0  10  A
 0.798640091  0  0  11  A
 0.847452580  0  0  12  A
 0.868890093  0  0  13  A
 0.916780150  0  0  14  A
 0.941792472  0  0  0  A
 0.970997192  0  0  1  A
 0.987836394  0  0  2  A
 1.034155714  0  0  3  A
 1.059392166  0  0  4  A
 1.071342153  0  0  5  A
 1.145124904  0  0  6  A
 1.156419141  0  0  7  A
 1.180521885  0  0  8  A
 1.225903876  0  0  9  A
 1.241295402  0  0  10  A
 1.291150778  0  0  11  A
 1.332823416  0  0  12  A
 1.361539870  0  0  13  A
 1.372976243  0  0  14  A
 1.415286819  0  0  0  A
 1.442520440  0  0  1  A
 1.483916940  0  0  2  A
 1.525813088  0  0  3  A
 1.552461891  0  0  4  A
 1.594527818  0  0  5  A
 0.000000000  1  1  1  B
 0.001565017  1  2  1  B
 0.037923332  1  3  1  B
 0.075257268  1  4  1  B
 0.086758303  1  5  1  B
 0.128557128  1  6  1  B
 0.178233047  1  7  1  B
 0.212242634  1  8  1  B
 0.238103589  1  9  1  B
 0.271694350  1  10  1  B
 0.315458875  1  11  1  B
 0.333848207  1  12  1  B
 0.361866540  1  13  1  B
 0.374584739  1  14  1  B
 0.391065019  1  0  1  B
 0.427260979  1  1  1  B
 0.472623392  1  2  1  B
 0.521036742  1  3  1  B
 0.532856775  1  4  1  B
 0.582570495  1  5  1  B
 0.630921006  1  6  1  B
 0.656721897  1  7  1  B
 0.679391943  1  8  1  B
 0.700692429  1  9  1  B
 0.722197168  1  10  1  B
 0.741718594  1  11  1  B
 0.755394000  1  12  1  B
 0.770783412  1  13  1  B
 0.799189422  1  14  1  B
 0.843003260  1  0  1  B
 0.856021391  1  1  1  B
 0.892720466  1  2  1  B
 0.938895816  1  3  1  B
 0.950021516  1  4  1  B
 0.960989430  1  5  1  B
 1.000412086  1  6  1  B
 1.031404571  1  7  1  B
 1.045736949  1  8  1  B
 1.072693068  1  9  1  B
 1.086767612  1  10  1  B
 1.132007987  1  11  1  B
 1.177219097  1  12  1  B
 1.219087734  1  13  1  B
 1.239195461  1  14  1  B
 1.271576101  1  0  1  B
 1.300225198  1  1  1  B
 1.322761152  1  2  1  B
 1.367663182  1  3  1  B
 1.415384112  1  4  1  B
 1.449141005  1  5  1  B
 1.496068887  1  6  1  B
 1.545647242  1  7  1  B
 1.572220292  1  8  1  B
 1.599747865  1  9  1  B
 1.648193404  1  10  1  B
 1.696551630  1  11  1  B
 1.733162860  1  12  1  B
 1.773568471  1  13  1  B
 0.000000000  6  6  6  G
 0.001646219  6  6  7  G
 0.018687401  6  6  8  G
 0.051049316  6  6  9  G
 0.088737698  6  6  10  G
 0.110602091  6  6  11  G
 0.135133220  6  6  12  G
 0.149844860  6  6  13  G
 0.174903168  6  6  14  G
 0.224371758  6  6  0  G
 0.256354732  6  6  1  G
 0.283319057  6  6  2  G
 0.319821663  6  6  3  G
 0.349049616  6  6  4  G
 0.381049532  6  6  5  G
 0.411387649  6  6  6  G
 0.439802015  6  6  7  G
 0.454115588  6  6  8  G
 0.471389626  6  6  9  G
 0.506087285  6  6  10  G
 0.517204229  6  6  11  G
 0.552373262  6  6  12  G
 0.593877444  6  6  13  G
 0.635201048  6  6  14  G
 0.650760740  6  6  0  G
 0.681452941  6  6  1  G
 0.709282230  6  6  2  G
 0.728671679  6  6  3  G
 0.755006843  6  6  4  G
 0.795113513  6  6  5  G
 0.831210478  6  6  6  G
 0.872797696  6  6  7  G
 0.890471205  6  6  8  G
 0.907523848  6  6  9  G
 0.928396942  6  6  10  G
 0.975237489  6  6  11  G
 0.998177352  6  6  12  G
 1.018591534  6  6  13  G
 1.047056145  6  6  14  G
 1.086767512  6  6  0  G
 1.122100564  6  6  1  G
 1.165003712  6  6  2  G
 1.213036337  6  6  3  G
 1.238179163  6  6  4  G
 1.274576913  6  6  5  G
 1.297055740  6  6  6  G
 1.313448084  6  6  7  G
 1.327045042  6  6  8  G
 1.363014678  6  6  9  G
 1.391024755  6  6  10  G
 1.410513902  6  6  11  G
 1.459174775  6  6  12  G
 1.478528037  6  6  13  G
 1.527564896  6  6  14  G
 1.557361887  6  6  0  G
 1.599815892  6  6  1  G
 1.643178152  6  6  2  G
 1.686484727  6  6  3  G
 1.730126562  6  6  4  G
 1.741175308  6  6  5  G
 1.762223540  6  6  6  G
 1.785606283  6  6  7  G
 1.833849222  6  6  8  G
 0.000000000  10  10  10  K
 0.001710500  10  10  11  K
 0.018469853  10  10  12  K
 0.054012257  10  10  13  K
 0.089363853  10  10  14  K
 0.128789244  10  10  0  K
 0.142325348  10  10  1  K
 0.189523957  10  10  2  K
 0.207770221  10  10  3  K
 0.261448261  10  10  4  K
 0.292412573  10  10  5  K
 0.321986666  10  10  6  K
 0.346863052  10  10  7  K
 0.363594143  10  10  8  K
 0.394082872  10  10  9  K
 0.426375427  10  10  10  K
 0.463994187  10  10  11  K
 0.487537081  10  10  12  K
 0.515135086  10  10  13  K
 0.538383267  10  10  14  K
 0.585857122  10  10  0  K
 0.630347519  10  10  1  K
 0.662800235  10  10  2  K
 0.705143773  10  10  3  K
 0.742536790  10  10  4  K
 0.757120450  10  10  5  K
 0.773009940  10  10  6  K
 0.807335761  10  10  7  K
 0.851403605  10  10  8  K
 0.880959243  10  10  9  K
 0.912336661  10  10  10  K
 0.948262314  10  10  11  K
 0.976363222  10  10  12  K
 1.008547604  10  10  13  K
 1.033836315  10  10  14  K
 1.077222689  10  10  0  K
 1.124378619  10  10  1  K
 1.177313965  10  10  2  K
 1.218758967  10  10  3  K
 1.254708665  10  10  4  K
 1.271576041  10  10  5  K
 1.342953618  10  10  6  K
 1.387794193  10  10  7  K
 1.414896467  10  10  8  K
 1.441603539  10  10  9  K
 1.459174715  10  10  10  K
 1.496156000  10  10  11  K
 1.524624818  10  10  12  K
 1.558569994  10  10  13  K
 1.596147438  10  10  14  K
 1.642930307  10  10  0  K
 1.683787044  10  10  1  K
 1.733479013  10  10  2  K
 1.771021621  10  10  3  K
 1.786683605  10  10  4  K
 1.829936208  10  10  5  K
 1.870629560  10  10  6  K
 1.903732004  10  10  7  K
 1.914817439  10  10  8  K
 1.964473540  10  10  9  K
 2.006077440  10  10  10  K
 0.000000000  9  9  9  J
 0.001697505  9  10  9  J
 0.047322271  9  11  9  J
 0.091159864  9  12  9  J
 0.109221691  9  13  9  J
 0.125509478  9  14  9  J
 0.160828573  9  0  9  J
 0.188138447  9  1  9  J
 0.215837261  9  2  9  J
 0.259051673  9  3  9  J
 0.306383874  9  4  9  J
 0.330486388  9  5  9  J
 0.347044343  9  6  9  J
 0.372562695  9  7  9  J
 0.412059380  9  8  9  J
 0.422862745  9  9  9  J
 0.463571975  9  10  9  J
 0.487615529  9  11  9  J
 0.509774335  9  12  9  J
 0.537819398  9  13  9  J
 0.550071102  9  14  9  J
 0.577908755  9  0  9  J
 0.593877464  9  1  9  J
 0.639268542  9  2  9  J
 0.685366326  9  3  9  J
 0.711938234  9  4  9  J
 0.736527041  9  5  9  J
 0.758193624  9  6  9  J
 0.786055784  9  7  9  J
 0.812012027  9  8  9  J
 0.857993963  9  9  9  J
 0.896847913  9  10  9  J
 0.949309810  9  11  9  J
 0.990873354  9  12  9  J
 1.012307009  9  13  9  J
 1.031232307  9  14  9  J
 1.050511049  9  0  9  J
 1.099123712  9  1  9  J
 1.148372419  9  2  9  J
 1.158985517  9  3  9  J
 1.179158326  9  4  9  J
 1.209929937  9  5  9  J
 1.242348238  9  6  9  J
 1.258478310  9  7  9  J
 1.289906452  9  8  9  J
 1.307070445  9  9  9  J
 1.355655937  9  10  9  J
 1.396012165  9  11  9  J
 1.420256045  9  12  9  J
 1.469966148  9  13  9  J
 1.492229270  9  14  9  J
 1.505867816  9  0  9  J
 1.524624758  9  1  9  J
 1.543918678  9  2  9  J
 1.581697038  9  3  9  J
 1.616064617  9  4  9  J
 1.674848048  9  5  9  J
 1.699312892  9  6  9  J
 1.739161508  9  7  9  J
 1.767784827  9  8  9  J
 1.798486776  9  9  9  J
 1.829123443  9  10  9  J
 1.872088367  9  11  9  J
 1.910367307  9  12  9  J
 1.953159126  9  13  9  J
 1.996805599  9  14  9  J
 2.042759533  9  0  9  J
 2.068899651  9  1  9  J
 0.000000000  5  5  5  F
 0.001631812  5  4  5  F
 0.049568717  5  3  5  F
 0.075488873  5  2  5  F
 0.111788668  5  1  5  F
 0.146788123  5  0  5  F
 0.215836229  5  14  5  F
 0.249442289  5  13  5  F
 0.286592951  5  12  5  F
 0.299683759  5  11  5  F
 0.321986786  5  10  5  F
 0.362495792  5  9  5  F
 0.377933664  5  8  5  F
 0.401424982  5  7  5  F
 0.419997086  5  6  5  F
 0.443154907  5  5  5  F
 0.471886479  5  4  5  F
 0.538275985  5  3  5  F
 0.586588996  5  2  5  F
 0.622521011  5  1  5  F
 0.652791531  5  0  5  F
 0.676143537  5  14  5  F
 0.696347915  5  13  5  F
 0.709279795  5  12  5  F
 0.759191416  5  11  5  F
 0.774911188  5  10  5  F
 0.807666812  5  9  5  F
 0.829023814  5  8  5  F
 0.869056405  5  7  5  F
 0.904699067  5  6  5  F
 0.924357741  5  5  5  F
 0.965122857  5  4  5  F
 1.011725749  5  3  5  F
 1.029405739  5  2  5  F
 1.056188203  5  1  5  F
 1.075418713  5  0  5  F
 1.100258542  5  14  5  F
 1.144645585  5  13  5  F
 1.190056279  5  12  5  F
 1.233288094  5  11  5  F
 1.255167947  5  10  5  F
 1.298716697  5  9  5  F
 1.342746610  5  8  5  F
 1.392391861  5  7  5  F
 1.410757348  5  6  5  F
 1.437877015  5  5  5  F
 1.459958717  5  4  5  F
 1.471334647  5  3  5  F
 1.481955960  5  2  5  F
 1.521262418  5  1  5  F
 1.555696492  5  0  5  F
 1.576147924  5  14  5  F
 1.601359710  5  13  5  F
 1.648220916  5  12  5  F
 1.674672879  5  11  5  F
 1.720620101  5  10  5  F
 1.749202553  5  9  5  F
 1.773217703  5  8  5  F
 1.796237775  5  7  5  F
 1.834772114  5  6  5  F
 1.852646259  5  5  5  F
 1.893060066  5  4  5  F
 1.934125996  5  3  5  F
 1.976007897  5  2  5  F
 2.004400954  5  1  5  F
 2.041403298  5  1  5  f
 0.000000000  13  13  13  N
 0.001758971  13  14  13  N
 0.046747643  13  0  13  N
 0.057076908  13  1  13  N
 0.087605863  13  2  13  N
 0.132664437  13  3  13  N
 0.153147027  13  4  13  N
 0.191980117  13  5  13  N
 0.209533260  13  6  13  N
 0.240843932  13  7  13  N
 0.258435827  13  8  13  N
 0.295097302  13  9  13  N
 0.326218989  13  10  13  N
 0.369367528  13  11  13  N
 0.394082932  13  12  13  N
 0.423371089  13  13  13  N
 0.439224131  13  14  13  N
 0.465479926  13  0  13  N
 0.484639824  13  1  13  N
 0.524229914  13  2  13  N
 0.535255286  13  3  13  N
 0.559070701  13  4  13  N
 0.576950106  13  5  13  N
 0.626336842  13  6  13  N
 0.650766831  13  7  13  N
 0.675460695  13  8  13  N
 0.705878953  13  9  13  N
 0.737605215  13  10  13  N
 0.755396194  13  11  13  N
 0.784586607  13  12  13  N
 0.834426443  13  13  13  N
 0.852312821  13  14  13  N
 0.890684115  13  0  13  N
 0.942157317  13  1  13  N
 0.991535406  13  2  13  N
 1.007998033  13  3  13  N
 1.048266737  13  4  13  N
 1.077051498  13  5  13  N
 1.097220871  13  6  13  N
 1.112317183  13  7  13  N
 1.129502405  13  8  13  N
 1.175958872  13  9  13  N
 1.207176790  13  10  13  N
 1.253118320  13  11  13  N
 1.302408636  13  12  13  N
 1.333486992  13  13  13  N
 1.374574693  13  14  13  N
 1.414415654  13  0  13  N
 1.441435554  13  1  13  N
 1.485689607  13  2  13  N
 1.517458689  13  3  13  N
 1.555016295  13  4  13  N
 1.595545798  13  5  13  N
 1.629329101  13  6  13  N
 1.661330489  13  7  13  N
 1.709544334  13  8  13  N
 1.737698122  13  9  13  N
 1.777250260  13  10  13  N
 1.800036214  13  11  13  N
 1.834772084  13  12  13  N
 1.851943501  13  13  13  N
 1.882725661  13  14  13  N
 1.906485622  13  0  13  N
 1.942477179  13  1  13  N
 1.987723124  13  2  13  N
 2.015690812  13  3  13  N
 2.059188165  13  4  13  N
 2.100502362  13  5  13  N
 2.124939193  13  6  13  N
 2.159728854  13  7  13  N
 2.182500852  13  8  13  N
 2.211589283  13  9  13  N
 2.223665878  13  10  13  N
 2.273493101  13  11  13  N
 2.284183504  13  12  13  N
 2.317358745  13  13  13  N
 2.332481106  13  14  13  N
 2.379296667  13  0  13  N
 2.424051009  13  1  13  N
 2.453136435  13  2  13  N
 2.475258933  13  3  13  N
 2.487832370  13  4  13  N
 2.511304091  13  5  13  N
 2.555851876  13  6  13  N
 2.586059087  13  7  13  N
 2.604130162  13  8  13  N
 2.647858969  13  9  13  N
 2.685269158  13  10  13  N
 2.723099888  13  11  13  N
 2.734856943  13  12  13  N
 0.000000000  4  4  4  E
 0.001615111  4  4  5  E
 0.012229531  4  4  6  E
 0.048639002  4  4  7  E
 0.071103743  4  4  8  E
 0.088406366  4  4  9  E
 0.135431610  4  4  10  E
 0.182508752  4  4  11  E
 0.216728313  4  4  12  E
 0.263087487  4  4  13  E
 0.303958201  4  4  14  E
 0.322917944  4  4  0  E
 0.333848277  4  4  1  E
 0.379884556  4  4  2  E
 0.422215951  4  4  3  E
 0.456236558  4  4  4  E
 0.476685075  4  4  5  E
 0.498006981  4  4  6  E
 0.537218551  4  4  7  E
 0.566096126  4  4  8  E
 0.597237420  4  4  9  E
 0.628143543  4  4  10  E
 0.650762583  4  4  11  E
 0.688047127  4  4  12  E
 0.705695378  4  4  13  E
 0.750181688  4  4  14  E
 0.794142320  4  4  0  E
 0.815480426  4  4  1  E
 0.836968424  4  4  2  E
 0.871415662  4  4  3  E
 0.906408114  4  4  4  E
 0.946244888  4  4  5  E
 0.987132232  4  4  6  E
 1.010803758  4  4  7  E
 1.042633755  4  4  8  E
 1.059728648  4  4  9  E
 1.102559921  4  4  10  E
 1.143306782  4  4  11  E
 1.190487258  4  4  12  E
 1.223174984  4  4  13  E
 1.257076198  4  4  14  E
 1.283791808  4  4  0  E
 1.317605156  4  4  1  E
 1.364773338  4  4  2  E
 1.403549672  4  4  3  E
 1.448204116  4  4  4  E
 1.463690320  4  4  5  E
 1.493690272  4  4  6  E
 1.526000640  4  4  7  E
 1.549747637  4  4  8  E
 1.580734472  4  4  9  E
 1.629634965  4  4  10  E
 1.673824146  4  4  11  E
 1.694706758  4  4  12  E
 1.720167802  4  4  13  E
 1.744506199  4  4  14  E
 1.756027832  4  4  0  E
 1.789836883  4  4  1  E
 1.837641199  4  4  2  E
 1.866439917  4  4  3  E
 1.876790873  4  4  4  E
 1.912411584  4  4  5  E
 1.976595941  4  4  6  E
 2.005036126  4  4  7  E
 2.017411942  4  4  8  E
 2.047133782  4  4  9  E
 2.069890381  4  4  10  E
 2.105507615  4  4  11  E
 2.129591765  4  4  12  E
 2.150790760  4  4  13  E
 2.170721024  4  4  14  E
 2.216465905  4  4  0  E
 2.228150544  4  4  1  E
 2.245045532  4  4  2  E
 2.286799744  4  4  3  E
 2.323094470  4  4  4  E
 2.370258404  4  4  5  E
 2.410862819  4  4  6  E
 2.450953478  4  4  7  E
 2.497361595  4  4  8  E
 2.519875427  4  4  9  E
 2.539600215  4  4  10  E
 2.556694236  4  4  11  E
 2.589913280  4  4  12  E
 2.620959626  4  4  13  E
 2.639988168  4  4  14  E
 2.679715025  4  4  0  E
 2.718685102  4  4  1  E
 2.729761980  4  4  2  E
 2.742998482  4  4  3  E
 2.781591050  4  4  4  E
 2.801261847  4  4  5  E
 2.813439321  4  4  6  E
 0.000000000  12  12  12  M
 0.001740075  12  12  13  M
 0.019278460  12  12  14  M
 0.050779059  12  12  0  M
 0.082226117  12  12  1  M
 0.126628338  12  12  2  M
 0.170227302  12  12  3  M
 0.189674189  12  12  4  M
 0.228376634  12  12  5  M
 0.240790030  12  12  6  M
 0.270103044  12  12  7  M
 0.302976329  12  12  8  M
 0.347617559  12  12  9  M
 0.382492310  12  12  10  M
 0.422093581  12  12  11  M
 0.465369979  12  12  12  M
 0.490250564  12  12  13  M
 0.523345114  12  12  14  M
 0.566242601  12  12  0  M
 0.615207085  12  12  1  M
 0.635098376  12  12  2  M
 0.654742172  12  12  3  M
 0.686439620  12  12  4  M
 0.711676523  12  12  5  M
 0.726776382  12  12  6  M
 0.739244321  12  12  7  M
 0.755756550  12  12  8  M
 0.766961479  12  12  9  M
 0.781324815  12  12  10  M
 0.821600412  12  12  11  M
 0.838622338  12  12  12  M
 0.880041601  12  12  13  M
 0.919392242  12  12  14  M
 0.952137557  12  12  0  M
 0.980036947  12  12  1  M
 1.002485257  12  12  2  M
 1.013538000  12  12  3  M
 1.048141301  12  12  4  M
 1.092952210  12  12  5  M
 1.122711360  12  12  6  M
 1.133945764  12  12  7  M
 1.161489366  12  12  8  M
 1.177218255  12  12  9  M
 1.200175390  12  12  10  M
 1.241058938  12  12  11  M
 1.288891157  12  12  12  M
 1.304508938  12  12  13  M
 1.375562216  12  12  14  M
 1.396965655  12  12  0  M
 1.436457751  12  12  1  M
 1.456815828  12  12  2  M
 1.471821340  12  12  3  M
 1.519033194  12  12  4  M
 1.529958688  12  12  5  M
 1.577341835  12  12  6  M
 1.615003075  12  12  7  M
 1.663253408  12  12  8  M
 1.705452064  12  12  9  M
 1.752525730  12  12  10  M
 1.794746496  12  12  11  M
 1.808743596  12  12  12  M
 1.837690051  12  12  13  M
 1.883476660  12  12  14  M
 1.923412389  12  12  0  M
 1.957824432  12  12  1  M
 1.996152223  12  12  2  M
 2.039580888  12  12  3  M
 2.054558597  12  12  4  M
 2.091673272  12  12  5  M
 2.117903759  12  12  6  M
 2.156820376  12  12  7  M
 2.176801636  12  12  8  M
 2.205914974  12  12  9  M
 2.241996309  12  12  10  M
 2.277157097  12  12  11  M
 2.302051718  12  12  12  M
 2.333074780  12  12  13  M
 2.343461764  12  12  14  M
 2.362962061  12  12  0  M
 2.398216935  12  12  1  M
 2.435206285  12  12  2  M
 2.454741918  12  12  3  M
 2.504152830  12  12  4  M
 2.517114736  12  12  5  M
 2.544238640  12  12  6  M
 2.556005434  12  12  7  M
 2.585409227  12  12  8  M
 2.615758865  12  12  9  M
 2.643078728  12  12  10  M
 2.663702684  12  12  11  M
 2.704594317  12  12  12  M
 2.742839814  12  12  12  m
 0.000000000  7  7  7  H
 0.001665836  7  6  7  H
 0.052048682  7  5  7  H
 0.094690529  7  4  7  H
 0.116300395  7  3  7  H
 0.160550391  7  2  7  H
 0.173586617  7  1  7  H
 0.203921388  7  0  7  H
 0.234259394  7  14  7  H
 0.279075603  7  13  7  H
 0.310552247  7  12  7  H
 0.357245528  7  11  7  H
 0.398114609  7  10  7  H
 0.424306935  7  9  7  H
 0.452318295  7  8  7  H
 0.493646507  7  7  7  H
 0.526731730  7  6  7  H
 0.576950166  7  5  7  H
 0.600072271  7  4  7  H
 0.632750209  7  3  7  H
 0.669816773  7  2  7  H
 0.685287368  7  1  7  H
 0.720434720  7  0  7  H
 0.750770492  7  14  7  H
 0.761918504  7  13  7  H
 0.777444393  7  12  7  H
 0.810061166  7  11  7  H
 0.831751242  7  10  7  H
 0.881395552  7  9  7  H
 0.914074522  7  8  7  H
 0.950165786  7  7  7  H
 0.996573061  7  6  7  H
 1.031477588  7  5  7  H
 1.067735084  7  4  7  H
 1.085142532  7  3  7  H
 1.131001719  7  2  7  H
 1.165560907  7  1  7  H
 1.214369118  7  0  7  H
 1.250112930  7  14  7  H
 1.260932806  7  13  7  H
 1.275792184  7  12  7  H
 1.315985616  7  11  7  H
 1.354342903  7  10  7  H
 1.385499887  7  9  7  H
 1.414862162  7  8  7  H
 1.455272692  7  7  7  H
 1.500207874  7  6  7  H
 1.541176331  7  5  7  H
 1.572220353  7  4  7  H
 1.616064587  7  3  7  H
 1.639764225  7  2  7  H
 1.678215538  7  1  7  H
 1.705762767  7  0  7  H
 1.718954004  7  14  7  H
 1.747372869  7  13  7  H
 1.781063247  7  12  7  H
 1.801853094  7  11  7  H
 1.845310502  7  10  7  H
 1.872171043  7  9  7  H
 1.913239067  7  8  7  H
 1.955821763  7  7  7  H
 1.994084352  7  6  7  H
 2.031641918  7  5  7  H
 2.067815907  7  4  7  H
 2.109105628  7  3  7  H
 2.129194910  7  2  7  H
 2.146561242  7  1  7  H
 2.167795764  7  0  7  H
 2.197684377  7  14  7  H
 2.229862497  7  13  7  H
 2.278048911  7  12  7  H
 2.316604780  7  11  7  H
 2.336554010  7  10  7  H
 2.353453305  7  9  7  H
 2.401265176  7  8  7  H
 2.440272262  7  7  7  H
 2.452057140  7  6  7  H
 2.485513719  7  5  7  H
 2.531819002  7  4  7  H
 2.549865331  7  3  7  H
 2.567772898  7  2  7  H
 2.605450339  7  1  7  H
 2.638460991  7  0  7  H
 2.675725538  7  14  7  H
 2.714581130  7  13  7  H
 2.742087943  7  12  7  H
 2.777495404  7  11  7  H
 2.818047559  7  10  7  H
 2.838226741  7  9  7  H
 2.872855470  7  8  7  H
 2.885569992  7  7  7  H
 2.922477077  7  6  7  H
 2.947731884  7  5  7  H
 2.996205757  7  4  7  H
 3.035295499  7  3  7  H
 3.073019758  7  2  7  H
 3.091672484  7  1  7  H
 3.118852805  7  0  7  H
 3.157705812  7  14  7  H
 3.184616747  7  13  7  H
