0.000061386 1 1 0 B
0.000073950 0 0 0 A
0.014298469 0 0 1 A
0.014303038 0 0 2 A
0.035863225 1 1 1 B
0.037072461 0 0 3 A
0.037072832 0 0 0 A
0.038248705 1 1 2 B
0.060710654 0 0 1 A
0.068509563 1 1 3 B
0.068509963 1 1 0 B
0.069716905 0 0 2 A
0.106067085 1 1 1 B
0.119695673 0 0 3 A
0.119696083 0 0 0 A
0.121928111 1 1 2 B
0.150173613 1 1 3 B
0.150174154 1 1 0 B
0.157809311 0 0 1 A
0.157810083 0 0 2 A
0.165381429 1 1 1 B
0.174558133 0 0 3 A
0.174558694 0 0 0 A
0.175662369 1 1 2 B
0.209770623 0 0 1 A
0.217676304 1 1 3 B
0.217677055 1 1 0 B
0.220488413 0 0 2 A
0.243975239 1 1 1 B
0.265870092 0 0 3 A
0.265870553 0 0 0 A
0.268100537 1 1 2 B
0.286444558 0 0 1 A
0.314519545 1 1 3 B
0.314520066 1 1 0 B
0.315657145 0 0 2 A
0.327015793 1 1 1 B
0.327109240 0 0 3 A
0.327109601 0 0 0 A
0.329209017 1 1 2 B
0.347573928 1 1 3 B
0.347574449 1 1 0 B
0.375907426 0 0 1 A
0.375908117 0 0 2 A
0.377224677 1 1 1 B
0.402704126 0 0 3 A
0.402704487 0 0 0 A
0.404932668 1 1 2 B
0.446096718 1 1 3 B
0.446097249 1 1 0 B
0.447261430 0 0 1 A
0.447261901 0 0 2 A
0.464025180 0 0 3 A
0.464025541 0 0 0 A
0.495492860 1 1 1 B
0.495493641 1 1 2 B
0.496677008 0 0 1 A
0.529051850 1 1 3 B
0.529052381 1 1 0 B
0.530164132 0 0 2 A
0.552661179 1 1 1 B
0.566130413 0 0 3 A
0.566130804 0 0 0 A
0.568638525 1 1 2 B
0.579860864 0 0 1 A
0.595816199 1 1 3 B
0.595816860 1 1 0 B
0.596942688 0 0 2 A
0.606490318 1 1 1 B
0.624567080 0 0 3 A
0.624567471 0 0 0 A
0.625784742 1 1 2 B
0.652138432 1 1 3 B
0.652138963 1 1 0 B
0.660574099 0 0 1 A
0.660574931 0 0 2 A
0.666436440 1 1 1 B
0.683074863 0 0 3 A
0.683075233 0 0 0 A
0.684343942 1 1 2 B
0.699584501 0 0 1 A
0.702950833 1 1 3 B
0.702951204 1 1 0 B
0.704131915 0 0 2 A
0.718657586 0 0 3 A
0.718658027 0 0 0 A
0.723102485 1 1 1 B
0.723103257 1 1 2 B
0.730659163 0 0 1 A
0.761014882 1 1 3 B
0.761015413 1 1 0 B
0.763561106 0 0 2 A
0.772075493 1 1 1 B
0.792460690 0 0 3 A
0.792461421 0 0 0 A
0.793686257 1 1 2 B
0.805126629 1 1 3 B
0.805127080 1 1 0 B
0.814689136 0 0 1 A
0.814689758 0 0 2 A
0.840137937 1 1 1 B
0.848506196 0 0 3 A
0.848506757 0 0 0 A
0.849674715 1 1 2 B
0.869918293 1 1 3 B
0.869918844 1 1 0 B
-1 2 2 4 LOCAL_SECTION;ENTRY_PROTOCOL;CRITICAL_SECTION;EXIT_PROTOCOL;DEKKER_ALGORITHM;
