 0.000417681  0  0  0  A
 0.047557426  0  0  1  A
 0.058820960  0  0  2  A
 0.102553439  0  0  3  A
 0.102554080  0  0  0  A
 0.132523362  0  0  1  A
 0.132524854  0  0  2  A
 0.160243189  0  0  3  A
 0.160244100  0  0  0  A
 0.203799731  0  0  1  A
 0.221017935  0  0  2  A
 0.268892600  0  0  3  A
 0.268893772  0  0  0  A
 0.296693142  0  0  1  A
 0.296694585  0  0  2  A
 0.333981802  0  0  3  A
 0.333982383  0  0  0  A
 0.359126159  0  0  1  A
 0.371704595  0  0  2  A
 0.410535654  0  0  3  A
 0.410537106  0  0  0  A
 0.440395555  0  0  1  A
 0.452820707  0  0  2  A
 0.479116142  0  0  3  A
 0.479117875  0  0  0  A
 0.524559924  0  0  1  A
 0.524562068  0  0  2  A
 0.560826784  0  0  3  A
 0.560827575  0  0  0  A
 0.575320814  0  0  1  A
 0.577528077  0  0  2  A
 0.616421356  0  0  3  A
 0.616422738  0  0  0  A
 0.660424624  0  0  1  A
 0.660426057  0  0  2  A
 0.690348609  0  0  3  A
 0.690349441  0  0  0  A
 0.714388999  0  0  1  A
 0.714390682  0  0  2  A
 0.761923020  0  0  3  A
 0.761923841  0  0  0  A
 0.796176859  0  0  1  A
 0.796178372  0  0  2  A
 0.820013699  0  0  3  A
 0.820015141  0  0  0  A
 0.867435846  0  0  1  A
 0.867437479  0  0  2  A
 0.914494374  0  0  3  A
 0.914495015  0  0  0  A
 0.944630230  0  0  1  A
 0.958901305  0  0  2  A
 0.971531975  0  0  3  A
 0.971533248  0  0  0  A
 0.999399743  0  0  1  A
 1.013790537  0  0  2  A
 1.034811380  0  0  3  A
 1.034812803  0  0  0  A
 1.069733980  0  0  1  A
 1.095521780  0  0  2  A
 1.142601734  0  0  3  A
 1.142602896  0  0  0  A
 1.165097754  0  0  1  A
 1.179587398  0  0  2  A
 1.228759943  0  0  3  A
 1.228760604  0  0  0  A
 1.246322988  0  0  1  A
 1.246323409  0  0  2  A
 1.281589487  0  0  3  A
 1.281590860  0  0  0  A
 0.000462988  1  1  0  B
 0.028044981  1  1  1  B
 0.028046454  1  1  2  B
 0.058659269  1  1  3  B
 0.058660131  1  1  0  B
 0.085255030  1  1  1  B
 0.103288298  1  1  2  B
 0.119324205  1  1  3  B
 0.119324476  1  1  0  B
 0.144536654  1  1  1  B
 0.160820576  1  1  2  B
 0.175441659  1  1  3  B
 0.175443513  1  1  0  B
 0.196867114  1  1  1  B
 0.196868867  1  1  2  B
 0.220095486  1  1  3  B
 0.220096298  1  1  0  B
 0.248147611  1  1  1  B
 0.269117020  1  1  2  B
 0.284079980  1  1  3  B
 0.284081583  1  1  0  B
 0.305054820  1  1  1  B
 0.334903520  1  1  2  B
 0.370360948  1  1  3  B
 0.370361820  1  1  0  B
 0.418317981  1  1  1  B
 0.418319494  1  1  2  B
 0.452160481  1  1  3  B
 0.452161663  1  1  0  B
 0.500163301  1  1  1  B
 0.500164703  1  1  2  B
 0.513899958  1  1  3  B
 0.513901751  1  1  0  B
 0.529950473  1  1  1  B
 0.561115818  1  1  2  B
 0.576507420  1  1  3  B
 0.576507850  1  1  0  B
 0.617957392  1  1  1  B
 0.617958804  1  1  2  B
 0.631966952  1  1  3  B
 0.631968425  1  1  0  B
 0.670220583  1  1  1  B
 0.690870360  1  1  2  B
 0.712851791  1  1  3  B
 0.712853233  1  1  0  B
 0.745885811  1  1  1  B
 0.762917778  1  1  2  B
 0.775933001  1  1  3  B
 0.775934403  1  1  0  B
 0.824532716  1  1  1  B
 0.824534379  1  1  2  B
 0.841246483  1  1  3  B
 0.841248066  1  1  0  B
 0.872520588  1  1  1  B
 0.915146224  1  1  2  B
 0.958018503  1  1  3  B
 0.958019044  1  1  0  B
 0.986237023  1  1  1  B
 0.986237303  1  1  2  B
 1.013097549  1  1  3  B
 1.013098250  1  1  0  B
 1.044499020  1  1  1  B
 1.044500703  1  1  2  B
 1.094410120  1  1  3  B
 1.094411132  1  1  0  B
 1.129528595  1  1  1  B
 1.143131219  1  1  2  B
 1.178660241  1  1  3  B
 1.178661163  1  1  0  B
 1.208361603  1  1  1  B
 1.228956981  1  1  2  B
 1.246174924  1  1  3  B
 1.246175475  1  1  0  B
 1.294086321  1  1  1  B
 1.294087874  1  1  2  B
 1.311725472  1  1  3  B
 1.311726975  1  1  0  B
 1.359088909  1  1  1  B
 1.359090512  1  1  2  B
 1.393436968  1  1  3  B
 1.393438591  1  1  0  B
 1.407845326  1  1  1  B
 1.407847029  1  1  2  B
 1.455142015  1  1  3  B
 1.455143598  1  1  0  B
 1.471711786  1  1  1  B
 1.471713259  1  1  2  B
 1.486657413  1  1  3  B
 1.486658706  1  1  0  B
 1.524518396  1  1  1  B
 1.524519888  1  1  2  B
 1.573831610  1  1  3  B
 1.573832922  1  1  0  B
-1  2  2  4 LOCAL_SECTION;ENTRY_PROTOCOL;CRITICAL_SECTION;EXIT_PROTOCOL;PETERSON_ALGORITHM;
