0.000130578 14 14 0 O
0.000137130 6 6 0 G
0.000142220 2 2 0 C
0.000163230 7 7 0 H
0.000172337 5 5 0 F
0.000180513 8 8 0 I
0.000186544 0 0 0 A
0.000193247 1 1 0 B
0.000201933 9 9 0 J
0.000209257 11 11 0 L
0.000212463 3 3 0 D
0.000216962 12 12 0 M
0.000228023 13 13 0 N
0.000229997 10 10 0 K
0.000591393 4 4 0 E
0.019457786 6 6 1 G
0.019494435 6 6 2 G
0.022739617 4 4 1 E
0.025129976 1 1 1 B
0.027471612 14 14 1 O
0.031019979 12 12 1 M
0.032300230 3 3 1 D
0.033396432 2 2 1 C
0.037987930 9 9 1 J
0.040698687 0 0 1 A
0.041963879 10 10 1 K
0.044242977 8 8 1 I
0.045783472 13 13 1 N
0.045813759 11 11 1 L
0.048033314 5 5 1 F
0.049390881 7 7 1 H
0.058262987 6 6 3 G
0.058263528 6 6 0 G
0.059298554 4 4 2 E
0.084837907 6 6 1 G
0.102714229 4 4 3 E
0.102714821 4 4 0 E
0.103813306 1 1 2 B
0.132649509 4 4 1 E
0.144491664 1 1 3 B
0.144492346 1 1 0 B
0.145498226 14 14 2 O
0.157185337 14 14 3 O
0.157185958 14 14 0 O
0.158356551 1 1 1 B
0.158384233 12 12 2 M
0.197010655 14 14 1 O
0.206945519 12 12 3 M
0.206946942 12 12 0 M
0.207918747 3 3 2 D
0.232862058 12 12 1 M
0.245710785 3 3 3 D
0.245711396 3 3 0 D
0.245757484 2 2 2 C
0.275008614 2 2 3 C
0.275009346 2 2 0 C
0.276075230 9 9 2 J
0.278646752 3 3 1 D
0.307440635 9 9 3 J
0.307441176 9 9 0 J
0.308614714 0 0 2 A
0.321521100 2 2 1 C
0.342745250 9 9 1 J
0.348478656 0 0 3 A
0.348479387 0 0 0 A
0.348536807 10 10 2 K
0.363700899 10 10 3 K
0.363701741 10 10 0 K
0.364669208 8 8 2 I
0.383533567 10 10 1 K
0.398763945 0 0 1 A
0.411790931 8 8 3 I
0.411791682 8 8 0 I
0.411843430 13 13 2 N
0.425608818 13 13 3 N
0.425609489 13 13 0 N
0.426661025 11 11 2 L
0.437954779 8 8 1 I
0.465695763 11 11 3 L
0.465696654 11 11 0 L
0.466781775 5 5 2 F
0.471624039 13 13 1 N
0.510829581 5 5 3 F
0.510830292 5 5 0 F
0.511894934 7 7 2 H
0.514258512 11 11 1 L
0.528587379 5 5 1 F
0.562024237 7 7 3 H
0.562024668 7 7 0 H
0.563151077 6 6 2 G
0.585451690 7 7 1 H
0.600164817 6 6 3 G
0.600165308 6 6 0 G
0.600202619 4 4 2 E
0.639686599 4 4 3 E
0.639687380 4 4 0 E
0.639704172 1 1 2 B
0.649882488 6 6 1 G
0.663375589 1 1 3 B
0.663376150 1 1 0 B
0.664444699 14 14 2 O
0.666784912 4 4 1 E
0.678065040 14 14 3 O
0.678065782 14 14 0 O
0.678125465 12 12 2 M
0.692048241 1 1 1 B
0.703541043 12 12 3 M
0.703541734 12 12 0 M
0.703550631 3 3 2 D
0.721847292 12 12 1 M
0.726570310 14 14 1 O
0.748221570 3 3 3 D
0.748221911 3 3 0 D
0.748228494 2 2 2 C
0.765464100 3 3 1 D
0.798149201 2 2 3 C
0.798149952 2 2 0 C
0.798162196 9 9 2 J
0.827540738 9 9 3 J
0.827541239 9 9 0 J
0.827554134 10 10 2 K
0.829786082 2 2 1 C
0.849675056 9 9 1 J
0.863563577 10 10 3 K
0.863564489 10 10 0 K
0.863575519 0 0 2 A
0.904716185 10 10 1 K
0.912943437 0 0 3 A
0.912944028 0 0 0 A
0.914026163 8 8 2 I
0.927635694 8 8 3 I
0.927636736 8 8 0 I
0.927652546 13 13 2 N
0.940195773 13 13 3 N
0.940196484 13 13 0 N
0.940208617 11 11 2 L
0.947599030 8 8 1 I
0.951995968 0 0 1 A
0.960098744 11 11 3 L
0.960100076 11 11 0 L
0.960112159 5 5 2 F
0.972931279 13 13 1 N
0.978852593 5 5 3 F
0.978854747 5 5 0 F
0.978864876 7 7 2 H
0.996701063 7 7 3 H
0.996702375 7 7 0 H
0.996749284 6 6 2 G
1.001541904 11 11 1 L
1.003837423 5 5 1 F
1.033115675 6 6 3 G
1.033116376 6 6 0 G
1.034464206 4 4 2 E
1.034503420 7 7 1 H
1.074827436 4 4 3 E
1.074827957 4 4 0 E
1.075828957 1 1 2 B
1.079191432 6 6 1 G
1.087990890 1 1 3 B
1.087991290 1 1 0 B
1.087995088 12 12 2 M
1.106718238 1 1 1 B
1.119302162 4 4 1 E
1.132800141 12 12 3 M
1.132800652 12 12 0 M
1.133950877 14 14 2 O
1.174675543 12 12 1 M
1.180613027 14 14 3 O
1.180613688 14 14 0 O
1.180626101 3 3 2 D
1.209095117 14 14 1 O
1.211576138 3 3 3 D
1.211576739 3 3 0 D
1.211641873 2 2 2 C
1.229626050 2 2 3 C
1.229626812 2 2 0 C
1.230684901 9 9 2 J
1.233253689 3 3 1 D
1.252647092 9 9 3 J
1.252647613 9 9 0 J
1.252658393 10 10 2 K
1.259501607 2 2 1 C
1.266020625 10 10 3 K
1.266021386 10 10 0 K
1.266034131 8 8 2 I
1.277426792 9 9 1 J
1.290701388 10 10 1 K
1.312595780 8 8 3 I
1.312596551 8 8 0 I
1.312602302 0 0 2 A
1.327515970 8 8 1 I
1.360953600 0 0 3 A
1.360954742 0 0 0 A
1.360972946 13 13 2 N
1.394723741 0 0 1 A
1.404600625 13 13 3 N
1.404601917 13 13 0 N
1.404630281 11 11 2 L
1.434784136 13 13 1 N
1.441753229 11 11 3 L
1.441753810 11 11 0 L
1.442797471 5 5 2 F
1.454542683 11 11 1 L
1.470665346 5 5 3 F
1.470665937 5 5 0 F
1.470703578 7 7 2 H
1.489490981 5 5 1 F
1.519035699 7 7 3 H
1.519036391 7 7 0 H
1.520070274 6 6 2 G
1.529577847 7 7 1 H
1.568017684 6 6 3 G
1.568018446 6 6 0 G
1.569074551 1 1 2 B
1.597091017 1 1 3 B
1.597091608 1 1 0 B
1.598052824 4 4 2 E
1.609915518 6 6 1 G
1.614743806 4 4 3 E
1.614744507 4 4 0 E
1.614762141 12 12 2 M
1.630845038 12 12 3 M
1.630845739 12 12 0 M
1.630855889 14 14 2 O
1.635546725 4 4 1 E
1.641151007 1 1 1 B
1.644959358 12 12 1 M
1.644962153 14 14 3 O
1.644962915 14 14 0 O
1.644969908 3 3 2 D
1.667631747 14 14 1 O
1.691550122 3 3 3 D
1.691550874 3 3 0 D
1.691561544 2 2 2 C
1.702955498 3 3 1 D
1.705191394 2 2 3 C
1.705191975 2 2 0 C
1.705201483 9 9 2 J
1.746643732 2 2 1 C
1.751207437 9 9 3 J
1.751208038 9 9 0 J
1.752288039 10 10 2 K
1.761560415 9 9 1 J
1.796280099 10 10 3 K
1.796280840 10 10 0 K
1.797732507 8 8 2 I
1.818527612 10 10 1 K
1.840089903 8 8 3 I
1.840090685 8 8 0 I
1.840158814 0 0 2 A
1.854876860 0 0 3 A
1.854877481 0 0 0 A
1.855923768 13 13 2 N
1.874025980 8 8 1 I
1.883905729 0 0 1 A
1.897466798 13 13 3 N
1.897467549 13 13 0 N
1.897478360 11 11 2 L
1.928896445 11 11 3 L
1.928897026 11 11 0 L
1.929958051 5 5 2 F
1.945670445 13 13 1 N
1.950261653 11 11 1 L
1.970035118 5 5 3 F
1.970035649 5 5 0 F
1.970040468 7 7 2 H
1.999413139 5 5 1 F
2.014474998 7 7 3 H
2.014475319 7 7 0 H
2.014534972 6 6 2 G
2.045146386 6 6 3 G
2.045147107 6 6 0 G
2.045151586 4 4 2 E
2.056206576 7 7 1 H
2.083775052 6 6 1 G
2.084985631 4 4 3 E
2.084986442 4 4 0 E
2.084997152 1 1 2 B
2.103836564 1 1 3 B
2.103837045 1 1 0 B
2.103842104 12 12 2 M
2.122686425 4 4 1 E
2.133941466 1 1 1 B
2.149610648 12 12 3 M
2.149611590 12 12 0 M
2.149620917 14 14 2 O
2.166163919 12 12 1 M
2.198328832 14 14 3 O
2.198329202 14 14 0 O
2.198334693 3 3 2 D
2.230540935 14 14 1 O
2.238275030 3 3 3 D
2.238275511 3 3 0 D
2.238328221 2 2 2 C
2.262829583 2 2 3 C
2.262830325 2 2 0 C
2.262834753 9 9 2 J
2.273533988 3 3 1 D
2.283841379 9 9 3 J
2.283842031 9 9 0 J
2.284868750 10 10 2 K
2.296648437 2 2 1 C
2.303835523 9 9 1 J
2.314159245 10 10 3 K
2.314159847 10 10 0 K
2.314212777 8 8 2 I
2.325279961 10 10 1 K
2.352759959 8 8 3 I
2.352761351 8 8 0 I
2.352766922 0 0 2 A
2.372718766 8 8 1 I
2.401718349 0 0 3 A
2.401718970 0 0 0 A
2.401723950 13 13 2 N
2.433399604 13 13 3 N
2.433400165 13 13 0 N
2.433410094 11 11 2 L
2.435740218 0 0 1 A
2.464068397 11 11 3 L
2.464069278 11 11 0 L
2.465395336 5 5 2 F
2.480294476 13 13 1 N
2.499614881 11 11 1 L
2.514931664 5 5 3 F
2.514932165 5 5 0 F
2.516011384 7 7 2 H
2.564212105 7 7 3 H
2.564212536 7 7 0 H
2.565372859 6 6 2 G
2.565466717 5 5 1 F
2.598526781 6 6 3 G
2.598527392 6 6 0 G
2.598532121 4 4 2 E
2.601775619 7 7 1 H
2.616169710 4 4 3 E
2.616170422 4 4 0 E
2.616174088 1 1 2 B
2.640399807 6 6 1 G
2.642703912 1 1 3 B
2.642704263 1 1 0 B
2.643824049 12 12 2 M
2.644982599 4 4 1 E
2.658251213 12 12 3 M
2.658251644 12 12 0 M
2.659301357 14 14 2 O
2.679182857 1 1 1 B
2.690099184 12 12 1 M
2.694475354 14 14 3 O
2.694475774 14 14 0 O
2.694478429 3 3 2 D
2.714108903 3 3 3 D
2.714109304 3 3 0 D
2.714151714 2 2 2 C
2.728500689 2 2 3 C
2.728501110 2 2 0 C
2.728504467 9 9 2 J
2.732845519 14 14 1 O
2.760257007 3 3 1 D
2.761501781 9 9 3 J
2.761502402 9 9 0 J
2.762547616 10 10 2 K
2.767035087 2 2 1 C
2.788099042 9 9 1 J
2.799026110 10 10 3 K
2.799026661 10 10 0 K
2.799033354 8 8 2 I
2.809999846 10 10 1 K
2.833148270 8 8 3 I
2.833148771 8 8 0 I
2.833210438 0 0 2 A
2.858488375 0 0 3 A
2.858489306 0 0 0 A
2.858493244 13 13 2 N
2.872750655 8 8 1 I
2.902584242 0 0 1 A
2.908141995 13 13 3 N
2.908142485 13 13 0 N
2.909220332 11 11 2 L
2.952181575 11 11 3 L
2.952182086 11 11 0 L
2.952184671 5 5 2 F
2.953426248 13 13 1 N
2.978553509 5 5 3 F
2.978553940 5 5 0 F
2.978555433 11 11 1 L
2.978595749 7 7 2 H
3.022137544 7 7 3 H
3.022137975 7 7 0 H
3.023207927 6 6 2 G
3.027524864 5 5 1 F
3.041877546 7 7 1 H
3.055990533 6 6 3 G
3.055991525 6 6 0 G
3.056043033 4 4 2 E
3.069195807 4 4 3 E
3.069196228 4 4 0 E
3.069200135 1 1 2 B
3.082286603 4 4 1 E
3.095357401 6 6 1 G
3.108601909 1 1 3 B
3.108602330 1 1 0 B
3.108605426 12 12 2 M
3.149175348 1 1 1 B
3.153684721 12 12 3 M
3.153685181 12 12 0 M
3.153692596 14 14 2 O
3.173506307 12 12 1 M
3.188926336 14 14 3 O
3.188926757 14 14 0 O
3.188928871 3 3 2 D
3.207653093 14 14 1 O
3.238252795 3 3 3 D
3.238253306 3 3 0 D
3.238257985 2 2 2 C
3.271277170 3 3 1 D
3.272457912 2 2 3 C
3.272458313 2 2 0 C
3.273515690 9 9 2 J
3.286749589 2 2 1 C
3.292197182 9 9 3 J
3.292197603 9 9 0 J
3.292249050 10 10 2 K
3.305477128 10 10 3 K
3.305477548 10 10 0 K
3.306583889 8 8 2 I
3.317597200 10 10 1 K
3.317650632 9 9 1 J
3.337807104 8 8 3 I
3.337807535 8 8 0 I
3.337844656 0 0 2 A
3.353422143 0 0 3 A
3.353422634 0 0 0 A
3.354523835 13 13 2 N
3.373459409 0 0 1 A
3.387163219 8 8 1 I
3.396020668 13 13 3 N
3.396021048 13 13 0 N
3.396056075 11 11 2 L
3.421804355 13 13 1 N
3.440719690 11 11 3 L
3.440720512 11 11 0 L
3.440727725 5 5 2 F
3.485992131 11 11 1 L
3.490440849 5 5 3 F
3.490441390 5 5 0 F
3.491537481 7 7 2 H
3.525604295 7 7 3 H
3.525605037 7 7 0 H
3.525616088 4 4 2 E
3.532383417 5 5 1 F
3.547036750 4 4 3 E
3.547037321 4 4 0 E
3.547050827 6 6 2 G
3.563853111 6 6 3 G
3.563853762 6 6 0 G
3.563864763 1 1 2 B
3.568497619 7 7 1 H
3.580027802 6 6 1 G
3.589378948 4 4 1 E
3.612440647 1 1 3 B
3.612440988 1 1 0 B
3.612447059 12 12 2 M
3.646801460 12 12 3 M
3.646802131 12 12 0 M
3.646868147 14 14 2 O
3.648215144 1 1 1 B
3.661496162 14 14 3 O
3.661496813 14 14 0 O
3.662512962 3 3 2 D
3.686647478 3 3 3 D
3.686648129 3 3 0 D
3.687619283 2 2 2 C
3.695768136 12 12 1 M
3.709495180 14 14 1 O
3.720891579 3 3 1 D
3.724603297 2 2 3 C
3.724603868 2 2 0 C
3.724614839 10 10 2 K
3.752608522 2 2 1 C
3.753725974 10 10 3 K
3.753726424 10 10 0 K
3.753773604 9 9 2 J
3.772060326 9 9 3 J
3.772060847 9 9 0 J
3.773108667 0 0 2 A
3.786604803 10 10 1 K
3.787793950 9 9 1 J
3.820123997 0 0 3 A
3.820124589 0 0 0 A
3.820143975 8 8 2 I
3.839676393 8 8 3 I
3.839676954 8 8 0 I
3.839683626 0 0 1 A
3.840745422 13 13 2 N
3.856048249 13 13 3 N
3.856048599 13 13 0 N
3.856058017 11 11 2 L
3.884872058 11 11 3 L
3.884872770 11 11 0 L
3.884878480 13 13 1 N
3.884882047 5 5 2 F
3.887311600 8 8 1 I
3.916366739 11 11 1 L
3.920818572 5 5 3 F
3.920819083 5 5 0 F
3.920873676 7 7 2 H
3.949695943 5 5 1 F
3.968619935 7 7 3 H
3.968621037 7 7 0 H
3.969773495 6 6 2 G
3.987905233 6 6 3 G
3.987905744 6 6 0 G
3.987954647 4 4 2 E
4.006024267 7 7 1 H
4.010582191 4 4 3 E
4.010582702 4 4 0 E
4.011667201 1 1 2 B
4.023888497 6 6 1 G
4.025116959 4 4 1 E
4.038923935 1 1 3 B
4.038924356 1 1 0 B
4.040051096 12 12 2 M
4.050493092 1 1 1 B
4.087404227 12 12 3 M
4.087404989 12 12 0 M
4.088457988 14 14 2 O
4.106480429 14 14 3 O
4.106480939 14 14 0 O
4.106484236 3 3 2 D
4.114303883 12 12 1 M
4.127571746 14 14 1 O
4.134166498 3 3 3 D
4.134166969 3 3 0 D
4.134170676 2 2 2 C
4.157715702 2 2 3 C
4.157717205 2 2 0 C
4.158844014 10 10 2 K
4.179718901 10 10 3 K
4.179719442 10 10 0 K
4.179725814 9 9 2 J
4.180920502 3 3 1 D
4.198376006 10 10 1 K
4.200692795 2 2 1 C
4.205531062 9 9 3 J
4.205531643 9 9 0 J
4.205539989 0 0 2 A
4.243768766 0 0 3 A
4.243769377 0 0 0 A
4.243783774 13 13 2 N
4.255347210 9 9 1 J
4.269430411 13 13 3 N
4.269431102 13 13 0 N
4.269505203 8 8 2 I
4.281882023 0 0 1 A
4.288736398 8 8 3 I
4.288736999 8 8 0 I
4.288787625 11 11 2 L
4.296841067 13 13 1 N
4.335641860 11 11 3 L
4.335642381 11 11 0 L
4.336704248 8 8 1 I
4.336708696 5 5 2 F
4.351548964 5 5 3 F
4.351549435 5 5 0 F
4.351554725 7 7 2 H
4.376523835 5 5 1 F
4.381516936 11 11 1 L
4.394029334 7 7 3 H
4.394029875 7 7 0 H
4.394036277 6 6 2 G
4.404517098 6 6 3 G
4.404518230 6 6 0 G
4.404579907 4 4 2 E
4.410289378 7 7 1 H
4.420435383 4 4 3 E
4.420436024 4 4 0 E
4.421549538 1 1 2 B
4.431524678 6 6 1 G
4.433832751 1 1 3 B
4.433833282 1 1 0 B
4.434950083 12 12 2 M
4.449074131 4 4 1 E
4.462987048 12 12 3 M
4.462987499 12 12 0 M
4.465007574 14 14 2 O
4.482288737 12 12 1 M
4.483344371 1 1 1 B
4.506173198 14 14 3 O
4.506173719 14 14 0 O
4.507460472 3 3 2 D
4.520898978 3 3 3 D
4.520899570 3 3 0 D
4.520903467 10 10 2 K
4.540652716 10 10 3 K
4.540653437 10 10 0 K
4.540658737 2 2 2 C
4.554589499 14 14 1 O
4.564557736 3 3 1 D
4.582494273 2 2 3 C
4.582494764 2 2 0 C
4.582498571 9 9 2 J
4.586924254 10 10 1 K
4.599178322 9 9 3 J
4.599178733 9 9 0 J
4.599181909 0 0 2 A
4.631643285 2 2 1 C
4.633906663 0 0 3 A
4.633907164 0 0 0 A
4.635029294 13 13 2 N
4.646877982 9 9 1 J
4.663364626 13 13 3 N
4.663365478 13 13 0 N
4.664671407 8 8 2 I
4.666101543 0 0 1 A
4.693629071 13 13 1 N
4.713595813 8 8 3 I
4.713596494 8 8 0 I
4.714646488 5 5 2 F
4.731958760 8 8 1 I
4.762996042 5 5 3 F
4.762996533 5 5 0 F
4.764069881 11 11 2 L
4.776680696 5 5 1 F
4.797971121 11 11 3 L
4.797971732 11 11 0 L
4.797977233 7 7 2 H
4.814643748 11 11 1 L
4.826666707 7 7 3 H
4.826667268 7 7 0 H
4.826675474 6 6 2 G
4.858079582 7 7 1 H
4.869273277 6 6 3 G
4.869274008 6 6 0 G
4.870518842 4 4 2 E
4.883006773 6 6 1 G
4.910141015 4 4 3 E
4.910141586 4 4 0 E
4.910151905 12 12 2 M
4.946759544 12 12 3 M
4.946760145 12 12 0 M
4.947937771 1 1 2 B
4.959279036 4 4 1 E
4.977580235 1 1 3 B
4.977581127 1 1 0 B
4.977590234 14 14 2 O
4.989605979 12 12 1 M
5.013578777 14 14 3 O
5.013579268 14 14 0 O
5.013584538 3 3 2 D
5.024781819 3 3 3 D
5.024782350 3 3 0 D
5.024784084 1 1 1 B
5.024789434 10 10 2 K
5.034771327 14 14 1 O
5.038101921 3 3 1 D
5.040302429 10 10 3 K
5.040302990 10 10 0 K
5.041360438 2 2 2 C
5.056195356 2 2 3 C
5.056195757 2 2 0 C
5.056256392 9 9 2 J
5.057395254 10 10 1 K
5.097334259 2 2 1 C
5.100706883 9 9 3 J
5.100707454 9 9 0 J
5.100717373 0 0 2 A
5.136978644 0 0 3 A
5.136979275 0 0 0 A
5.136985286 13 13 2 N
5.143786601 9 9 1 J
5.163501665 13 13 3 N
5.163502296 13 13 0 N
5.164604929 8 8 2 I
5.176020515 8 8 3 I
5.176021096 8 8 0 I
5.176024843 5 5 2 F
5.184692812 0 0 1 A
5.187966708 13 13 1 N
5.192409844 5 5 3 F
5.192410255 5 5 0 F
5.193498121 11 11 2 L
5.206628552 8 8 1 I
5.208836865 5 5 1 F
5.212120660 11 11 3 L
5.212121141 11 11 0 L
5.212126912 7 7 2 H
5.236518205 7 7 3 H
5.236518576 7 7 0 H
5.236521361 6 6 2 G
5.250995334 11 11 1 L
5.272705536 7 7 1 H
5.278259412 6 6 3 G
5.278260103 6 6 0 G
5.279589327 4 4 2 E
5.324099761 6 6 1 G
5.325365264 4 4 3 E
5.325365946 4 4 0 E
5.325374802 12 12 2 M
5.354652293 12 12 3 M
5.354653055 12 12 0 M
5.355714911 1 1 2 B
5.369427397 4 4 1 E
5.376298414 1 1 3 B
5.376299055 1 1 0 B
5.376407661 14 14 2 O
5.376412491 12 12 1 M
5.404717114 14 14 3 O
5.404717765 14 14 0 O
5.405780133 3 3 2 D
5.414768279 1 1 1 B
5.415977355 14 14 1 O
5.450097691 3 3 3 D
5.450098282 3 3 0 D
5.450102460 10 10 2 K
5.483454277 3 3 1 D
5.499616896 10 10 3 K
5.499617467 10 10 0 K
5.500682840 2 2 2 C
5.528807101 2 2 3 C
5.528807792 2 2 0 C
5.529885799 9 9 2 J
5.542254384 10 10 1 K
5.571146173 9 9 3 J
5.571146594 9 9 0 J
5.571149078 0 0 2 A
5.574537091 2 2 1 C
5.583295571 0 0 3 A
5.583296102 0 0 0 A
5.583300220 13 13 2 N
5.587954187 9 9 1 J
5.595849779 0 0 1 A
5.601525506 13 13 3 N
5.601526177 13 13 0 N
5.601531577 8 8 2 I
5.613979904 8 8 3 I
5.613980445 8 8 0 I
5.615046859 5 5 2 F
5.637803138 8 8 1 I
5.644281288 13 13 1 N
5.663301894 5 5 3 F
5.663302355 5 5 0 F
5.663306242 11 11 2 L
5.675403372 5 5 1 F
5.713937549 11 11 3 L
5.713938110 11 11 0 L
5.713941897 7 7 2 H
5.744983818 7 7 3 H
5.744984239 7 7 0 H
5.744986563 6 6 2 G
5.756429380 7 7 1 H
5.757647714 11 11 1 L
5.765938115 6 6 3 G
5.765938807 6 6 0 G
5.767063131 4 4 2 E
5.796065600 6 6 1 G
5.807323085 4 4 3 E
5.807323887 4 4 0 E
5.807333285 12 12 2 M
5.847599601 4 4 1 E
5.854327976 12 12 3 M
5.854328527 12 12 0 M
5.855391175 1 1 2 B
5.865654332 12 12 1 M
5.877785546 1 1 3 B
5.877786107 1 1 0 B
5.877789664 14 14 2 O
5.912262009 14 14 3 O
5.912262350 14 14 0 O
5.913281495 3 3 2 D
5.928092307 1 1 1 B
5.941270809 14 14 1 O
5.952452891 3 3 3 D
5.952453422 3 3 0 D
5.953503777 10 10 2 K
5.970260103 10 10 3 K
5.970260514 10 10 0 K
5.970296682 2 2 2 C
5.981583073 3 3 1 D
6.014266511 2 2 3 C
6.014267122 2 2 0 C
6.015437294 9 9 2 J
6.016593399 10 10 1 K
6.033351849 2 2 1 C
6.041412514 9 9 3 J
6.041413186 9 9 0 J
6.042580692 0 0 2 A
6.060911338 0 0 3 A
6.060911819 0 0 0 A
6.062016777 8 8 2 I
6.084746274 9 9 1 J
6.098083248 0 0 1 A
6.112590253 8 8 3 I
6.112590784 8 8 0 I
6.113615700 13 13 2 N
6.135840259 13 13 3 N
6.135840901 13 13 0 N
6.135846120 5 5 2 F
6.157801669 8 8 1 I
6.159042254 13 13 1 N
6.162354383 5 5 3 F
6.162354974 5 5 0 F
6.162362739 7 7 2 H
6.194584020 7 7 3 H
6.194595441 7 7 0 H
6.195664211 11 11 2 L
6.210034326 5 5 1 F
6.220999276 7 7 1 H
6.234599339 11 11 3 L
6.234600261 11 11 0 L
6.235612583 6 6 2 G
6.272637865 11 11 1 L
6.281372229 6 6 3 G
6.281372640 6 6 0 G
6.281375375 4 4 2 E
6.299020159 6 6 1 G
6.303440682 4 4 3 E
6.303441073 4 4 0 E
6.303443527 12 12 2 M
6.345780795 4 4 1 E
6.353569484 12 12 3 M
6.353569915 12 12 0 M
6.353572760 1 1 2 B
6.382834372 12 12 1 M
6.401760087 1 1 3 B
6.401760678 1 1 0 B
6.402808488 14 14 2 O
6.412938773 1 1 1 B
6.445848380 14 14 3 O
6.445849141 14 14 0 O
6.446939221 3 3 2 D
6.486049202 14 14 1 O
6.495908412 3 3 3 D
6.495910726 3 3 0 D
6.496967753 10 10 2 K
6.508767558 10 10 3 K
6.508768119 10 10 0 K
6.508821210 2 2 2 C
6.524539736 10 10 1 K
6.535807040 3 3 1 D
6.557937480 2 2 3 C
6.557938061 2 2 0 C
6.558000309 9 9 2 J
6.585148597 2 2 1 C
6.599168217 9 9 3 J
6.599168708 9 9 0 J
6.600221016 0 0 2 A
6.619728115 9 9 1 J
6.633977702 0 0 3 A
6.633978153 0 0 0 A
6.633983473 8 8 2 I
6.659671138 8 8 3 I
6.659671488 8 8 0 I
6.659674053 13 13 2 N
6.664000077 0 0 1 A
6.675283401 13 13 3 N
6.675283882 13 13 0 N
6.676316533 5 5 2 F
6.691359486 5 5 3 F
6.691360077 5 5 0 F
6.691366169 7 7 2 H
6.706614522 8 8 1 I
6.706617577 13 13 1 N
6.729350612 5 5 1 F
6.737567934 7 7 3 H
6.737568425 7 7 0 H
6.737572373 11 11 2 L
6.757025319 7 7 1 H
6.767680751 11 11 3 L
6.767681232 11 11 0 L
6.768692563 6 6 2 G
6.786053327 6 6 3 G
6.786053858 6 6 0 G
6.786107560 4 4 2 E
6.796980635 6 6 1 G
6.801569418 4 4 3 E
6.801570049 4 4 0 E
6.802616356 12 12 2 M
6.808364911 11 11 1 L
6.820366609 12 12 3 M
6.820367130 12 12 0 M
6.820370957 1 1 2 B
6.834675348 12 12 1 M
6.834700305 4 4 1 E
6.837968952 1 1 3 B
6.837969282 1 1 0 B
6.838003427 14 14 2 O
6.855727370 1 1 1 B
6.872832479 14 14 3 O
6.872833120 14 14 0 O
6.873902410 10 10 2 K
6.884027806 14 14 1 O
6.885092457 10 10 3 K
6.885092908 10 10 0 K
6.885096415 3 3 2 D
6.903300149 10 10 1 K
6.927115398 3 3 3 D
6.927116050 3 3 0 D
6.927120728 2 2 2 C
6.946860540 2 2 3 C
6.946860980 2 2 0 C
6.946864197 9 9 2 J
6.957493779 3 3 1 D
6.980971818 9 9 3 J
6.980972530 9 9 0 J
6.982023636 0 0 2 A
6.990983027 2 2 1 C
6.997385755 9 9 1 J
7.022514067 0 0 3 A
7.022514759 0 0 0 A
7.022518516 8 8 2 I
7.055258030 8 8 3 I
7.055259593 8 8 0 I
7.055267628 13 13 2 N
7.065706028 0 0 1 A
7.069059105 8 8 1 I
7.098800707 13 13 3 N
7.098801218 13 13 0 N
7.098806438 5 5 2 F
7.116213650 13 13 1 N
7.122936906 5 5 3 F
7.122937437 5 5 0 F
7.123983032 7 7 2 H
7.135042662 7 7 3 H
7.135043063 7 7 0 H
7.135085513 6 6 2 G
7.161285501 5 5 1 F
7.164767943 6 6 3 G
7.164768534 6 6 0 G
7.165897277 11 11 2 L
7.176701832 11 11 3 L
7.176702514 11 11 0 L
7.177794056 12 12 2 M
7.199642992 11 11 1 L
7.222122054 12 12 3 M
7.222122525 12 12 0 M
7.223205241 4 4 2 E
7.248198678 4 4 3 E
7.248199058 4 4 0 E
7.249273128 1 1 2 B
7.264504869 12 12 1 M
7.268803722 4 4 1 E
7.290649040 1 1 3 B
7.290649702 1 1 0 B
7.290653138 14 14 2 O
7.308321887 14 14 3 O
7.308322698 14 14 0 O
7.308381190 10 10 2 K
7.323779918 1 1 1 B
7.336580664 14 14 1 O
7.345250906 10 10 3 K
7.345251377 10 10 0 K
7.345258711 3 3 2 D
7.363119865 3 3 3 D
7.363120396 3 3 0 D
7.364144951 2 2 2 C
7.386448170 3 3 1 D
7.387504556 2 2 3 C
7.387505097 2 2 0 C
7.387573707 9 9 2 J
7.412834932 9 9 3 J
7.412835353 9 9 0 J
7.412839851 0 0 2 A
7.423594772 2 2 1 C
7.441344525 9 9 1 J
7.443511329 0 0 3 A
7.443511720 0 0 0 A
7.444611739 8 8 2 I
7.460087463 8 8 3 I
7.460088625 8 8 0 I
7.460092072 13 13 2 N
7.464543394 0 0 1 A
7.481051609 8 8 1 I
7.491107683 13 13 3 N
7.491108044 13 13 0 N
7.491109897 5 5 2 F
7.503146041 5 5 3 F
7.503147624 5 5 0 F
7.503201166 11 11 2 L
7.506432391 13 13 1 N
7.514176655 11 11 3 L
7.514177096 11 11 0 L
7.515246647 12 12 2 M
7.541559910 5 5 1 F
7.545970334 12 12 3 M
7.545974462 12 12 0 M
7.545996373 4 4 2 E
7.559344919 11 11 1 L
7.559348265 4 4 3 E
7.559351181 4 4 0 E
7.559354968 1 1 2 B
7.588035806 1 1 3 B
7.588037549 1 1 0 B
7.588043020 14 14 2 O
7.592571919 4 4 1 E
7.592651991 12 12 1 M
7.606011016 14 14 3 O
7.606020224 14 14 0 O
7.607137936 3 3 2 D
7.619868489 1 1 1 B
7.626782998 14 14 1 O
7.647792460 3 3 3 D
7.647795375 3 3 0 D
7.648821393 2 2 2 C
7.688459607 2 2 3 C
7.688462622 2 2 0 C
7.688466650 9 9 2 J
7.697326413 3 3 1 D
7.700677185 2 2 1 C
7.721924859 9 9 3 J
7.721937734 9 9 0 J
7.721948855 0 0 2 A
7.747541018 0 0 3 A
7.747543944 0 0 0 A
7.748646747 8 8 2 I
7.765681783 9 9 1 J
7.766864448 0 0 1 A
7.776709512 8 8 3 I
7.776718880 8 8 0 I
7.776722937 13 13 2 N
7.798753808 13 13 3 N
7.798756714 13 13 0 N
7.798759139 5 5 2 F
7.803158262 8 8 1 I
7.839973475 13 13 1 N
7.848775367 5 5 3 F
7.848781739 5 5 0 F
7.848786398 11 11 2 L
7.889022356 5 5 1 F
7.894497653 11 11 3 L
7.894508223 11 11 0 L
7.894555222 4 4 2 E
7.907782157 11 11 1 L
7.930546982 4 4 3 E
7.930547563 4 4 0 E
7.931600121 12 12 2 M
7.945150791 12 12 3 M
7.945151212 12 12 0 M
7.945204463 1 1 2 B
7.950860192 4 4 1 E
7.979889842 1 1 3 B
7.979890473 1 1 0 B
7.981024206 14 14 2 O
7.984409113 12 12 1 M
8.002105033 14 14 3 O
8.002105574 14 14 0 O
8.003171969 3 3 2 D
8.015574198 1 1 1 B
8.018781919 3 3 3 D
8.018782409 3 3 0 D
8.019839306 2 2 2 C
8.036445618 3 3 1 D
8.062661706 2 2 3 C
8.062662237 2 2 0 C
8.062668529 9 9 2 J
8.085127333 9 9 3 J
8.085127864 9 9 0 J
8.085135037 0 0 2 A
8.097398623 0 0 3 A
8.097399094 0 0 0 A
8.097406338 8 8 2 I
8.101009179 2 2 1 C
8.114538768 9 9 1 J
8.121169488 8 8 3 I
8.121170079 8 8 0 I
8.121179297 13 13 2 N
8.132312476 13 13 3 N
8.132313067 13 13 0 N
8.132315862 5 5 2 F
8.135862486 0 0 1 A
8.160204626 8 8 1 I
8.167841076 5 5 3 F
8.167841517 5 5 0 F
8.167848911 11 11 2 L
8.181163051 11 11 3 L
8.181163662 11 11 0 L
8.181166878 13 13 1 N
8.181171116 4 4 2 E
8.205262370 4 4 3 E
8.205263111 4 4 0 E
8.206299229 12 12 2 M
8.211899703 11 11 1 L
8.224063909 4 4 1 E
8.255087495 12 12 3 M
8.255087956 12 12 0 M
8.255090551 1 1 2 B
8.279360935 12 12 1 M
8.292582559 1 1 3 B
8.292582960 1 1 0 B
8.292649136 3 3 2 D
8.305772744 1 1 1 B
8.317037704 3 3 3 D
8.317038155 3 3 0 D
8.317041681 2 2 2 C
8.337113924 3 3 1 D
8.348482610 2 2 3 C
8.348483231 2 2 0 C
8.349479202 9 9 2 J
8.362959127 2 2 1 C
8.386292782 9 9 3 J
8.386293313 9 9 0 J
8.386327739 0 0 2 A
8.406750927 9 9 1 J
8.415395832 0 0 3 A
8.415396263 0 0 0 A
8.415434064 8 8 2 I
8.433619554 8 8 3 I
8.433620927 8 8 0 I
8.433629964 13 13 2 N
8.434628871 0 0 1 A
8.449107773 13 13 3 N
8.449108214 13 13 0 N
8.449110398 11 11 2 L
8.454974702 8 8 1 I
8.467206067 11 11 3 L
8.467206498 11 11 0 L
8.467213441 4 4 2 E
8.483313982 4 4 3 E
8.483314483 4 4 0 E
8.485607267 12 12 2 M
8.488374150 13 13 1 N
8.517984503 11 11 1 L
8.530664449 4 4 1 E
8.536224957 12 12 3 M
8.536227352 12 12 0 M
8.536253571 1 1 2 B
8.557839638 1 1 3 B
8.557840670 1 1 0 B
8.557847713 3 3 2 D
8.573335681 12 12 1 M
8.591999529 1 1 1 B
8.603504615 3 3 3 D
8.603505306 3 3 0 D
8.604523329 2 2 2 C
8.638341081 2 2 3 C
8.638341612 2 2 0 C
8.638345009 9 9 2 J
8.645023269 3 3 1 D
8.658712812 2 2 1 C
8.683069780 9 9 3 J
8.683070271 9 9 0 J
8.683076193 0 0 2 A
8.709220093 9 9 1 J
8.731886171 0 0 3 A
8.731886802 0 0 0 A
8.731893034 8 8 2 I
8.748719914 0 0 1 A
8.759948925 8 8 3 I
8.759949506 8 8 0 I
8.759993179 13 13 2 N
8.790271229 8 8 1 I
8.795708153 13 13 3 N
8.795708714 13 13 0 N
8.795711198 11 11 2 L
8.831901134 13 13 1 N
8.831904671 11 11 3 L
8.831904912 11 11 0 L
8.832972879 4 4 2 E
8.858183158 11 11 1 L
8.873107024 4 4 3 E
8.873107756 4 4 0 E
8.874419116 12 12 2 M
8.899406942 12 12 3 M
8.899407713 12 12 0 M
8.900764099 1 1 2 B
8.917811348 1 1 3 B
8.917811818 1 1 0 B
8.917817459 3 3 2 D
8.962676736 3 3 3 D
8.962677277 3 3 0 D
8.962683960 2 2 2 C
8.983888572 2 2 3 C
8.983889083 2 2 0 C
8.983893772 9 9 2 J
8.999168856 2 2 1 C
9.030791690 9 9 3 J
9.030792552 9 9 0 J
9.030803542 0 0 2 A
9.080225663 0 0 3 A
9.080226355 0 0 0 A
9.081275306 8 8 2 I
9.116449483 8 8 3 I
9.116449974 8 8 0 I
9.117540014 13 13 2 N
9.147361758 13 13 3 N
9.147362119 13 13 0 N
9.147367409 11 11 2 L
9.150756314 8 8 1 I
9.194914429 11 11 3 L
9.194917354 11 11 0 L
9.195989330 2 2 2 C
9.221695850 2 2 3 C
9.221696281 2 2 0 C
9.222790809 8 8 2 I
9.234831421 2 2 1 C
9.242893459 8 8 3 I
9.242894030 8 8 0 I
9.242897998 2 2 2 C
9.267390813 8 8 1 I
9.275458993 2 2 3 C
9.275459865 2 2 0 C
9.275616612 8 8 2 I
9.315525900 8 8 3 I
9.315526782 8 8 0 I
-1 15 15 4 LOCAL_SECTION;ENTRY_PROTOCOL;CRITICAL_SECTION;EXIT_PROTOCOL;MAX_TICKET=297;
